date,run4,run5,run6,run7,run8,sen1,sen2,sen3,sen4_mtc_,sen5,sen6,den1,den2,mtc1,mtc2_sen_,mtc3,mtc4,mtc5,mtc6,den3,den4,den5,den6,den7,den8,den9,den10,den11,den12,den14,den15,den16,vgt1,vgt2,vgt3,den17,den18,den19,pcp2_semi_learned_,pcp3_learned_,pcp4_fast_,pcp5_gaveUp_,pcp6_learned_,pcp7_gaveUp_,pcp8_fast_,sen7,sen8,sen9,sen10,sen11,sen12,vgt4,vgt5,vgt6,vgt7,vgt8,vgt9,vgt10
171224,19.3,19.8,21.6,20.1,21.3,,,,,,,,,,,,,,,,,,,,,,,,,,,,,,,,,,,,,,,,,,,,,,,,,,,,,
171225,19.1,20,21.4,19.9,22.1,,,,,,,,,,,,,,,,,,,,,,,,,,,,,,,,,,,,,,,,,,,,,,,,,,,,,
171226,19.3,19.6,21.8,20,21.2,,,,,,,,,,,,,,,,,,,,,,,,,,,,,,,,,,,,,,,,,,,,,,,,,,,,,
171227,19.7,19.8,20.9,20.4,21.9,,,,,,,,,,,,,,,,,,,,,,,,,,,,,,,,,,,,,,,,,,,,,,,,,,,,,
171228,19.8,20.1,21.8,20.5,21.4,,,,,,,,,,,,,,,,,,,,,,,,,,,,,,,,,,,,,,,,,,,,,,,,,,,,,
171229,19.3,20,21.3,20.1,21.8,,,,,,,,,,,,,,,,,,,,,,,,,,,,,,,,,,,,,,,,,,,,,,,,,,,,,
171230,19.9,20.3,21.2,20.3,21.8,,,,,,,,,,,,,,,,,,,,,,,,,,,,,,,,,,,,,,,,,,,,,,,,,,,,,
171231,19.6,20.4,21.7,19.9,21.2,,,,,,,,,,,,,,,,,,,,,,,,,,,,,,,,,,,,,,,,,,,,,,,,,,,,,
180101,19.4,20.1,20.9,19.9,21.6,,,,,,,,,,,,,,,,,,,,,,,,,,,,,,,,,,,,,,,,,,,,,,,,,,,,,
180102,19.8,20.1,21.1,19.8,21.4,,,,,,,,,,,,,,,,,,,,,,,,,,,,,,,,,,,,,,,,,,,,,,,,,,,,,
180103,19.9,20.2,21.3,19.9,21.2,,,,,,,,,,,,,,,,,,,,,,,,,,,,,,,,,,,,,,,,,,,,,,,,,,,,,
180104,19.3,20.1,21.7,20.5,21.7,,,,,,,,,,,,,,,,,,,,,,,,,,,,,,,,,,,,,,,,,,,,,,,,,,,,,
180105,19.4,20,21.6,19.8,21.4,,,,,,,,,,,,,,,,,,,,,,,,,,,,,,,,,,,,,,,,,,,,,,,,,,,,,
180106,19.6,19.9,21.7,19.8,21.2,,,,,,,,,,,,,,,,,,,,,,,,,,,,,,,,,,,,,,,,,,,,,,,,,,,,,
180107,19.4,20.4,21.3,20.1,21.2,,,,,,,,,,,,,,,,,,,,,,,,,,,,,,,,,,,,,,,,,,,,,,,,,,,,,
180108,19.6,20.4,20.9,19.7,21.5,,,,,,,,,,,,,,,,,,,,,,,,,,,,,,,,,,,,,,,,,,,,,,,,,,,,,
180109,19.6,19.9,20.9,19.9,21.8,,,,,,,,,,,,,,,,,,,,,,,,,,,,,,,,,,,,,,,,,,,,,,,,,,,,,
180110,19.8,19.8,21.4,20.7,22,,,,,,,,,,,,,,,,,,,,,,,,,,,,,,,,,,,,,,,,,,,,,,,,,,,,,
180111,19.5,19.8,21.3,20.2,21.5,,,,,,,,,,,,,,,,,,,,,,,,,,,,,,,,,,,,,,,,,,,,,,,,,,,,,
180112,19.2,19.8,21.6,20.6,21.8,,,,,,,,,,,,,,,,,,,,,,,,,,,,,,,,,,,,,,,,,,,,,,,,,,,,,
180113,19.4,20.1,21.7,20.7,21.6,,,,,,,,,,,,,,,,,,,,,,,,,,,,,,,,,,,,,,,,,,,,,,,,,,,,,
180114,19.4,20.1,21.6,19.8,21.3,,,,,,,,,,,,,,,,,,,,,,,,,,,,,,,,,,,,,,,,,,,,,,,,,,,,,
180115,19.3,19.9,21.6,19.7,21.8,,,,,,,,,,,,,,,,,,,,,,,,,,,,,,,,,,,,,,,,,,,,,,,,,,,,,
180116,19.9,20.4,21.2,19.7,21.5,,,,,,,,,,,,,,,,,,,,,,,,,,,,,,,,,,,,,,,,,,,,,,,,,,,,,
180117,19.3,19.6,21.4,20.7,22,,,,,,,,,,,,,,,,,,,,,,,,,,,,,,,,,,,,,,,,,,,,,,,,,,,,,
180118,19.5,20,21.7,20.1,21.8,,,,,,,,,,,,,,,,,,,,,,,,,,,,,,,,,,,,,,,,,,,,,,,,,,,,,
180119,19.2,20.5,21,20.1,21.5,,,,,,,,,,,,,,,,,,,,,,,,,,,,,,,,,,,,,,,,,,,,,,,,,,,,,
180120,19.4,20.4,21.4,20.1,21.5,,,,,,,,,,,,,,,,,,,,,,,,,,,,,,,,,,,,,,,,,,,,,,,,,,,,,
180121,19.1,19.8,21.8,19.9,21.3,,,,,,,,,,,,,,,,,,,,,,,,,,,,,,,,,,,,,,,,,,,,,,,,,,,,,
180122,19.5,19.8,21.3,20.2,21.7,,,,,,,,,,,,,,,,,,,,,,,,,,,,,,,,,,,,,,,,,,,,,,,,,,,,,
180123,19.7,20.5,21.1,20.4,21.8,,,,,,,,,,,,,,,,,,,,,,,,,,,,,,,,,,,,,,,,,,,,,,,,,,,,,
180124,19.2,20.2,21.8,20.1,21.7,,,,,,,,,,,,,,,,,,,,,,,,,,,,,,,,,,,,,,,,,,,,,,,,,,,,,
180125,19.5,19.8,21,20.1,22.1,,,,,,,,,,,,,,,,,,,,,,,,,,,,,,,,,,,,,,,,,,,,,,,,,,,,,
180126,19.8,19.7,21.8,19.9,21.9,,,,,,,,,,,,,,,,,,,,,,,,,,,,,,,,,,,,,,,,,,,,,,,,,,,,,
180127,19.9,20.3,21.6,20.6,21.3,,,,,,,,,,,,,,,,,,,,,,,,,,,,,,,,,,,,,,,,,,,,,,,,,,,,,
180128-180216,19.7,20.1,21.4,20.6,21.7,,,,,,,,,,,,,,,,,,,,,,,,,,,,,,,,,,,,,,,,,,,,,,,,,,,,,
180217,19.2,19.7,21.1,20,21.8,,,,,,,,,,,,,,,,,,,,,,,,,,,,,,,,,,,,,,,,,,,,,,,,,,,,,
180218,19.6,19.7,21,20.7,22,,,,,,,,,,,,,,,,,,,,,,,,,,,,,,,,,,,,,,,,,,,,,,,,,,,,,
180219,19.7,20.3,21,20.6,21.6,,,,,,,,,,,,,,,,,,,,,,,,,,,,,,,,,,,,,,,,,,,,,,,,,,,,,
180220,19,19.6,21.6,20.5,22,,,,,,,,,,,,,,,,,,,,,,,,,,,,,,,,,,,,,,,,,,,,,,,,,,,,,
180221,19.6,19.8,21.2,20.3,21.8,,,,,,,,,,,,,,,,,,,,,,,,,,,,,,,,,,,,,,,,,,,,,,,,,,,,,
180222,19.9,20.5,21.2,20.5,21.2,,,,,,,,,,,,,,,,,,,,,,,,,,,,,,,,,,,,,,,,,,,,,,,,,,,,,
180223,19,19.6,21.3,19.7,22.1,,,,,,,,,,,,,,,,,,,,,,,,,,,,,,,,,,,,,,,,,,,,,,,,,,,,,
180224,19.2,20.4,21.7,20.3,21.1,,,,,,,,,,,,,,,,,,,,,,,,,,,,,,,,,,,,,,,,,,,,,,,,,,,,,
180225,19.9,20.4,21.5,20.7,21.3,,,,,,,,,,,,,,,,,,,,,,,,,,,,,,,,,,,,,,,,,,,,,,,,,,,,,
180226,19.2,19.7,21,20,21.7,,,,,,,,,,,,,,,,,,,,,,,,,,,,,,,,,,,,,,,,,,,,,,,,,,,,,
180227,19.3,20.3,20.9,19.8,21.3,,,,,,,,,,,,,,,,,,,,,,,,,,,,,,,,,,,,,,,,,,,,,,,,,,,,,
180228,19.6,19.6,21.1,19.9,21.8,,,,,,,,,,,,,,,,,,,,,,,,,,,,,,,,,,,,,,,,,,,,,,,,,,,,,
180301,19.2,19.6,20.9,20,21.7,,,,,,,,,,,,,,,,,,,,,,,,,,,,,,,,,,,,,,,,,,,,,,,,,,,,,
180302-180321,19.4,20.4,21,20.3,21.9,,,,,,,,,,,,,,,,,,,,,,,,,,,,,,,,,,,,,,,,,,,,,,,,,,,,,
180322,19.5,20.3,21,20,21.4,,,,,,,,,,,,,,,,,,,,,,,,,,,,,,,,,,,,,,,,,,,,,,,,,,,,,
180323,19.4,20.6,21.1,20.4,21.4,,,,,,,,,,,,,,,,,,,,,,,,,,,,,,,,,,,,,,,,,,,,,,,,,,,,,
180324,19.4,20.5,21.5,20.1,22.1,,,,,,,,,,,,,,,,,,,,,,,,,,,,,,,,,,,,,,,,,,,,,,,,,,,,,
180325,19.1,20.3,21.6,20.5,21.3,,,,,,,,,,,,,,,,,,,,,,,,,,,,,,,,,,,,,,,,,,,,,,,,,,,,,
180326,19.1,20.5,21.4,19.9,21.3,,,,,,,,,,,,,,,,,,,,,,,,,,,,,,,,,,,,,,,,,,,,,,,,,,,,,
180327,19.9,19.7,21.5,20.5,21.7,,,,,,,,,,,,,,,,,,,,,,,,,,,,,,,,,,,,,,,,,,,,,,,,,,,,,
180328,19.1,20.2,21.2,20.5,21.8,,,,,,,,,,,,,,,,,,,,,,,,,,,,,,,,,,,,,,,,,,,,,,,,,,,,,
180329,19.3,19.9,21.1,20,21.4,,,,,,,,,,,,,,,,,,,,,,,,,,,,,,,,,,,,,,,,,,,,,,,,,,,,,
180330,19.8,20.1,21.2,20.4,21.6,,,,,,,,,,,,,,,,,,,,,,,,,,,,,,,,,,,,,,,,,,,,,,,,,,,,,
180331,19.1,20.5,21.2,20.4,21.3,,,,,,,,,,,,,,,,,,,,,,,,,,,,,,,,,,,,,,,,,,,,,,,,,,,,,
180401,19.5,20.5,21.3,20.5,21.7,,,,,,,,,,,,,,,,,,,,,,,,,,,,,,,,,,,,,,,,,,,,,,,,,,,,,
180402,19.8,19.8,21.3,20.5,21.5,,,,,,,,,,,,,,,,,,,,,,,,,,,,,,,,,,,,,,,,,,,,,,,,,,,,,
180403,19.9,19.7,21.1,20.7,21.6,,,,,,,,,,,,,,,,,,,,,,,,,,,,,,,,,,,,,,,,,,,,,,,,,,,,,
180404 (discovered that mice were getting water through cage rack inadvertently in previous sessions… this problem was fixed yesterday),19.4,19.8,21.8,20.5,21.6,,,,,,,,,,,,,,,,,,,,,,,,,,,,,,,,,,,,,,,,,,,,,,,,,,,,,
180405,19.2,20.2,21.7,20.6,22.1,,,,,,,,,,,,,,,,,,,,,,,,,,,,,,,,,,,,,,,,,,,,,,,,,,,,,
180406,19.1,20,21.8,20,22.1,,,,,,,,,,,,,,,,,,,,,,,,,,,,,,,,,,,,,,,,,,,,,,,,,,,,,
180107,19.6,20.1,21.7,20.5,22,,,,,,,,,,,,,,,,,,,,,,,,,,,,,,,,,,,,,,,,,,,,,,,,,,,,,
180108,19.1,20.3,21.1,20.7,21.2,,,,,,,,,,,,,,,,,,,,,,,,,,,,,,,,,,,,,,,,,,,,,,,,,,,,,
180109,19.1,19.9,21.4,19.9,21.9,,,,,,,,,,,,,,,,,,,,,,,,,,,,,,,,,,,,,,,,,,,,,,,,,,,,,
180110,19.7,20.4,21.4,20.1,21.4,,,,,,,,,,,,,,,,,,,,,,,,,,,,,,,,,,,,,,,,,,,,,,,,,,,,,
180111-180427,19.4,20.4,21.6,20.7,21.6,,,,,,,,,,,,,,,,,,,,,,,,,,,,,,,,,,,,,,,,,,,,,,,,,,,,,
180428,19.2,19.9,21.7,20.3,21.2,23,21,22.3,21.8,23.1,19,,,,,,,,,,,,,,,,,,,,,,,,,,,,,,,,,,,,,,,,,,,,,,,
180429,19.2,20.4,21.2,19.7,21.6,22.7,20.3,22.5,22.2,23.1,19.4,,,,,,,,,,,,,,,,,,,,,,,,,,,,,,,,,,,,,,,,,,,,,,,
180430,19.5,19.6,21.7,20.7,21.4,22.8,21.2,22,22,22.8,19.6,,,,,,,,,,,,,,,,,,,,,,,,,,,,,,,,,,,,,,,,,,,,,,,
180501,19.1,20.4,21.6,19.8,21.7,22.1,21.2,22.3,21.9,23.3,19,,,,,,,,,,,,,,,,,,,,,,,,,,,,,,,,,,,,,,,,,,,,,,,
180502,19,20.1,21.5,20.7,21.5,22.3,20.7,22,22.6,22.9,18.9,,,,,,,,,,,,,,,,,,,,,,,,,,,,,,,,,,,,,,,,,,,,,,,
180503,19,19.7,21.1,20.1,21.7,22.8,20.5,22.5,22.3,23.1,19.6,,,,,,,,,,,,,,,,,,,,,,,,,,,,,,,,,,,,,,,,,,,,,,,
180504,19.5,20.1,21,20.6,22,22.8,20.9,22.2,22,23,18.9,,,,,,,,,,,,,,,,,,,,,,,,,,,,,,,,,,,,,,,,,,,,,,,
180505,19.9,19.7,21.1,20.6,22,22.4,21.2,22,21.7,22.8,19.6,,,,,,,,,,,,,,,,,,,,,,,,,,,,,,,,,,,,,,,,,,,,,,,
180506,19.9,20.5,21,20.2,21.7,22.7,20.9,22.6,21.9,23.5,19.2,,,,,,,,,,,,,,,,,,,,,,,,,,,,,,,,,,,,,,,,,,,,,,,
180507,19.3,20.3,21.2,19.8,21.8,22.7,20.4,22.6,21.7,23.4,19.2,,,,,,,,,,,,,,,,,,,,,,,,,,,,,,,,,,,,,,,,,,,,,,,
180508,19.5,19.7,21.8,20.2,21.4,22.2,21.3,22.1,22,23.1,19,,,,,,,,,,,,,,,,,,,,,,,,,,,,,,,,,,,,,,,,,,,,,,,
180509,19.3,19.8,21.1,20.3,21.2,22,20.6,22.2,22.3,23.3,19.8,,,,,,,,,,,,,,,,,,,,,,,,,,,,,,,,,,,,,,,,,,,,,,,
180510,19.5,20.1,21.1,20.3,21.1,22,20.5,22,22.4,23.4,19,,,,,,,,,,,,,,,,,,,,,,,,,,,,,,,,,,,,,,,,,,,,,,,
180511-180519,19,19.9,21.6,20.3,21.8,22.1,20.7,21.9,21.7,22.9,19.3,,,,,,,,,,,,,,,,,,,,,,,,,,,,,,,,,,,,,,,,,,,,,,,
180520,19.2,20.2,21,20.4,21.6,22.8,20.6,22.4,22.5,23,19.7,21.5,21,,,,,,,,,,,,,,,,,,,,,,,,,,,,,,,,,,,,,,,,,,,,,
180521,19.3,19.7,21.7,20.1,21.2,22.1,20.5,22.6,22.3,23.6,19.1,22.3,21.3,,,,,,,,,,,,,,,,,,,,,,,,,,,,,,,,,,,,,,,,,,,,,
180522,19.7,20.3,21.6,19.7,21.7,22.3,20.7,22.9,21.7,23.6,19.3,21.6,20.9,,,,,,,,,,,,,,,,,,,,,,,,,,,,,,,,,,,,,,,,,,,,,
180523,19.1,19.9,21.7,19.8,21.5,22.7,20.5,22.8,22.4,22.8,19.8,21.5,21.1,,,,,,,,,,,,,,,,,,,,,,,,,,,,,,,,,,,,,,,,,,,,,
180524,19.3,19.7,21.7,20.7,21.1,22.4,21.1,22,22.4,23.2,19.8,22.1,21.4,,,,,,,,,,,,,,,,,,,,,,,,,,,,,,,,,,,,,,,,,,,,,
180525,19.9,19.8,21.7,20,21.8,22.5,20.9,22,22.4,23.6,18.9,22.1,21.2,,,,,,,,,,,,,,,,,,,,,,,,,,,,,,,,,,,,,,,,,,,,,
180526,19.2,20.5,20.9,19.7,21.7,22.3,20.6,22.2,22.2,23.7,19.4,22.3,21.5,22.9,22.1,20.7,,,,,,,,,,,,,,,,,,,,,,,,,,,,,,,,,,,,,,,,,,
180527,19.7,19.8,21.4,20.4,21.5,22.6,21.2,22.7,22.2,23.6,18.8,22,21.1,22.7,22.2,20.6,20.2,21.3,21,,,,,,,,,,,,,,,,,,,,,,,,,,,,,,,,,,,,,,,
180528,19.3,20.5,21.6,20.1,21.9,22.5,21.2,22.6,22.4,23.7,19.6,21.9,21.8,22.9,22.5,20.6,20.5,21.4,20.3,,,,,,,,,,,,,,,,,,,,,,,,,,,,,,,,,,,,,,,
180529,19.4,19.7,20.9,20.5,21.3,22.7,20.7,22,22.6,23.3,19.4,21.7,21.4,22.7,22.1,20.9,20.5,21.2,21,,,,,,,,,,,,,,,,,,,,,,,,,,,,,,,,,,,,,,,
180530,19.6,20,21.1,20.5,21.9,22.1,20.4,22.1,21.7,22.8,19.2,21.8,21.7,23.2,22.4,20.8,20.6,21,21.1,,,,,,,,,,,,,,,,,,,,,,,,,,,,,,,,,,,,,,,
180531,19.6,20.5,21.3,19.7,21.6,23,20.9,22.8,21.8,22.8,19.1,21.8,21,22.9,22.5,20.9,19.9,21.4,21,,,,,,,,,,,,,,,,,,,,,,,,,,,,,,,,,,,,,,,
180601,19.4,19.7,21.3,20.5,21.5,22.4,21.1,22.1,22.4,23.7,18.9,22,21.2,23.2,21.8,21.2,20.1,20.6,20.7,,,,,,,,,,,,,,,,,,,,,,,,,,,,,,,,,,,,,,,
180602,19,20.4,21.7,20.6,21.8,22.8,21.2,21.9,21.6,23.2,19.5,22.1,21.5,23.2,22.5,21.2,20.4,20.6,21.3,19.9,21.2,,,,,,,,,,,,,,,,,,,,,,,,,,,,,,,,,,,,,
180603,19.4,20.2,21.1,20.7,22.1,22.4,20.9,22.5,22.3,23.6,19.7,22.4,21,23.3,22.3,20.8,20,21.4,20.9,19.9,21.2,22.5,20.7,,,,,,,,,,,,,,,,,,,,,,,,,,,,,,,,,,,
180604,19.8,20.3,21,20.6,22.1,22.8,20.7,22.3,22.5,23.7,19.6,22.2,21.5,23.1,22.1,21,20.4,20.9,20.9,19.6,20.7,22,21.1,,,,,,,,,,,,,,,,,,,,,,,,,,,,,,,,,,,
180605,19.9,19.7,21.1,20.6,22.1,22.5,20.3,22.6,22,23.7,19.4,21.7,21.1,23,22.4,21,20,20.7,20.5,19.5,20.7,22.1,20.9,,,,,,,,,,,,,,,,,,,,,,,,,,,,,,,,,,,
180606,19.5,19.9,21.1,20.5,21.6,22.5,21.3,22,22.3,23.5,19.8,22.2,21.1,22.9,22.2,21.4,20.2,20.8,20.8,19.7,20.9,22.2,21.2,,,,,,,,,,,,,,,,,,,,,,,,,,,,,,,,,,,
180607,19.8,20.3,20.9,20.6,21.8,22,20.8,22.8,22,23.7,19.2,21.9,21.7,22.6,22.4,21,20.5,20.6,21.1,20,21.6,22.5,20.9,,,,,,,,,,,,,,,,,,,,,,,,,,,,,,,,,,,
180608,19.3,20,21.5,20.3,21.9,22.6,20.6,22.1,22.5,23.4,18.9,21.4,20.9,23,22.1,21,20.1,20.7,21,20.1,21.3,22.4,21.4,,,,,,,,,,,,,,,,,,,,,,,,,,,,,,,,,,,
180609,19.8,19.8,21.4,20.6,21.3,22.2,20.9,22.6,22.1,23.5,19.3,22.1,21.5,22.8,22.2,21.2,20.3,21.1,20.5,19.8,21.3,22.4,20.9,,,,,,,,,,,,,,,,,,,,,,,,,,,,,,,,,,,
180610,19.8,20.5,21.5,19.9,21.8,22.7,21.2,22.1,22.1,22.9,19,22.2,21.6,23.3,21.6,21.2,20.8,21.1,20.9,19.7,20.7,21.9,20.6,,,,,,,,,,,,,,,,,,,,,,,,,,,,,,,,,,,
180611,19.6,20.3,21.3,20.5,21.6,22.5,20.7,22.8,21.6,22.8,19.1,21.6,21.8,23.3,22.3,20.6,20.8,20.5,21.3,19.7,21.2,22.6,20.6,,,,,,,,,,,,,,,,,,,,,,,,,,,,,,,,,,,
180612,19.3,20.2,21.1,20.1,21.4,22.2,21,22.2,21.8,22.9,18.8,21.8,21.2,22.8,21.7,20.7,20.5,20.7,20.4,19.3,21,21.9,21.6,,,,,,,,,,,,,,,,,,,,,,,,,,,,,,,,,,,
180613,19.2,19.6,21.4,20.3,21.6,22.8,21.2,22.8,22.4,23.1,19.6,22.3,21.7,22.6,22.1,21.1,20.4,21,20.8,19.3,20.9,22.5,20.7,,,,,,,,,,,,,,,,,,,,,,,,,,,,,,,,,,,
180614,19.9,20.2,21.8,20.7,21.7,22.1,20.4,22.1,21.7,23.7,19.6,21.5,21.3,23.4,22.1,21.5,20.1,21.3,21.1,19.8,21.4,22.7,21.2,,,,,,,,,,,,,,,,,,,,,,,,,,,,,,,,,,,
180615,19.6,19.6,21.6,19.8,21.8,22.3,20.5,22.7,22.1,23.1,18.8,21.9,21.9,23.6,21.8,20.9,20.4,21.2,20.5,19.8,21.6,22.2,20.8,,,,,,,,,,,,,,,,,,,,,,,,,,,,,,,,,,,
180616,19.7,20.3,21.3,20.1,21.8,22.4,20.8,22.5,22.3,23.7,19,21.6,21.5,23.2,22.2,21.3,20.5,20.8,21,19.8,20.7,22.5,20.8,,,,,,,,,,,,,,,,,,,,,,,,,,,,,,,,,,,
180617,19.8,20.6,21.7,19.7,22,22.6,21.1,22.5,22.1,22.8,18.9,,21.8,22.9,22.5,20.7,20.3,20.9,20.8,19.2,21.2,22.5,,,,,,,,,,,,,,,,,,,,,,,,,,,,,,,,,,,,
180618,19.4,20.3,21.8,20.2,21.7,22.1,20.7,22.2,21.6,22.9,18.9,,20.9,23.5,22.1,20.6,20.4,21.2,21.2,19.2,20.8,22.6,,,,,,,,,,,,,,,,,,,,,,,,,,,,,,,,,,,,
180619,,,21.3,20.3,21.2,22.1,20.5,22.5,22.3,23.2,19.4,,21.1,23.5,21.8,21.1,20.1,20.7,20.9,19.8,21.7,22.5,,,,,,,,,,,,,,,,,,,,,,,,,,,,,,,,,,,,
180620,,,21.2,19.8,21.5,22,21.2,22.9,21.8,23.7,19.3,,21,23,21.6,21.3,20.8,20.6,21.1,19.6,21.2,22.5,,,,,,,,,,,,,,,,,,,,,,,,,,,,,,,,,,,,
180621,,,21.2,19.8,21.6,22.4,20.3,22.6,21.8,22.9,19.3,,21.1,22.7,22.3,21,20.6,20.7,20.6,19.6,21.2,22.7,,,,,,,,,,,,,,,,,,,,,,,,,,,,,,,,,,,,
180622,,,21.1,20.7,21.4,22.3,20.7,22.2,21.7,22.9,19.5,,21.8,23.2,21.5,21,20.1,21.4,20.9,19.2,21.4,22.2,,,,,,,,,,,,,,,,,,,,,,,,,,,,,,,,,,,,
180623,,,21.1,20.6,21.4,22.3,21.2,22.6,22.2,23.1,19.7,,21.5,22.7,21.8,21,20.5,21,21,19.6,21.5,21.9,,,,,,,,,,,,,,,,,,,,,,,,,,,,,,,,,,,,
180624,,,21.2,20.5,21.7,22.7,21,22.2,22.2,23.2,18.8,,21.6,22.9,22.1,21.4,20.6,21.1,20.5,19.3,21.5,22,,,,,,,,,,,,,,,,,,,,,,,,,,,,,,,,,,,,
180625,,,21.1,19.8,21.7,22.8,21,22.4,21.7,22.8,19.7,,21.4,22.7,21.7,21.2,20,21.1,20.5,20.2,21.3,22.4,,,,,,,,,,,,,,,,,,,,,,,,,,,,,,,,,,,,
180626,,,21.8,19.7,21.5,22.9,20.8,22.6,21.8,23.2,19.6,,21.1,22.7,22,20.9,20.5,21,20.5,19.9,20.7,22.7,,,,,,,,,,,,,,,,,,,,,,,,,,,,,,,,,,,,
180627,,,21.3,20.5,21.7,22.5,20.4,22.4,22,22.9,19.1,,21.6,22.8,21.7,21.5,20.2,20.5,21.3,19.6,20.9,22.4,,,,,,,,,,,,,,,,,,,,,,,,,,,,,,,,,,,,
180628,,,21.5,19.8,21.2,22.9,20.6,22.7,21.8,23.6,19.5,,21.1,23.1,22.4,21,20.4,20.9,20.6,19.3,20.7,22.8,,,,,,,,,,,,,,,,,,,,,,,,,,,,,,,,,,,,
180629,,,21,20.6,21.4,22.1,20.8,22,22.5,23.3,19.7,,21.7,23,22.1,21,20.9,20.8,20.7,19.9,21.2,21.9,,,,,,,,,,,,,,,,,,,,,,,,,,,,,,,,,,,,
180630,,,21.3,20.6,21.6,22.7,20.8,22.1,22.5,23.6,19.8,,21.7,23.5,22.1,20.9,20.8,21,20.8,20.1,21.6,22.7,,,,,,,,,,,,,,,,,,,,,,,,,,,,,,,,,,,,
180701,,,21,19.8,21.7,22.7,20.9,22.6,22,22.8,19.1,,21.6,22.9,22.1,21.5,20.8,21,20.6,20,21.2,22.7,,,,,,,,,,,,,,,,,,,,,,,,,,,,,,,,,,,,
180702,,,21.2,20.6,21.5,22.4,20.8,22.2,21.7,23.3,19,,21.6,22.9,22.4,21.1,20.8,20.7,21,20,21.3,22.7,,,,,,,,,,,,,,,,,,,,,,,,,,,,,,,,,,,,
180703,,,21.4,20.1,21.6,22.7,20.7,22.4,22.1,22.9,19.2,,21.4,23.1,22,21.1,20.2,21.3,20.8,19.3,20.8,21.9,,,,,,,,,,,,,,,,,,,,,,,,,,,,,,,,,,,,
180704,,,21.7,19.8,21.5,22,20.8,22.5,22.4,23.2,19.1,,21.8,23.3,22.3,21.4,20.8,20.6,21,19.5,21.4,22.2,,,,,,,,,,,,,,,,,,,,,,,,,,,,,,,,,,,,
180705,,,21.8,20.5,21.3,22.6,20.5,22.3,22.2,23.2,18.9,,,23.5,22.4,20.8,20.2,20.4,20.5,20,20.9,22.1,,,,,,,,,,,,,,,,,,,,,,,,,,,,,,,,,,,,
180706,,,21,19.8,22,22.3,20.5,22.1,22.3,23.1,19,,,22.9,21.6,20.8,20.1,20.7,20.7,19.6,21.5,22.7,,,,,,,,,,,,,,,,,,,,,,,,,,,,,,,,,,,,
180707,,,21.4,20.2,21.5,22.1,20.5,21.9,22.1,23.7,19.1,,,22.9,22,20.8,20.1,21,20.5,20.2,21.5,22,,,,,,,,,,,,,,,,,,,,,,,,,,,,,,,,,,,,
180708,,,21.2,20.5,21.7,22.7,21,22,22.3,23.5,19.8,,,23.2,21.8,20.6,20.8,20.8,20.9,19.4,21.2,22.7,,,,,,,,,,,,,,,,,,,,,,,,,,,,,,,,,,,,
180709,,,21.1,20.7,21.7,22.5,20.8,22.3,21.9,23.4,19.5,,,23.1,22.4,21.5,20.4,20.6,20.6,19.5,21.6,22,,,,,,,,,,,,,,,,,,,,,,,,,,,,,,,,,,,,
180710,,,21.6,20.6,21.7,22.2,20.4,22.3,21.6,23.7,18.9,,,22.8,21.6,20.6,20.3,21,20.4,19.9,21.2,22.7,,,,,,,,,,,,,,,,,,,,,,,,,,,,,,,,,,,,
180711,,,21.8,20,21.7,22.4,20.6,22.1,22.1,23.5,19.7,,,23.5,22.1,20.6,20.8,20.7,20.6,,20.9,22.1,,,,,,,,,,,,,,,,,,,,,,,,,,,,,,,,,,,,
180712,,,21.2,20.6,21.8,22.5,21.2,22.5,21.8,23.3,19.6,,,23.1,21.9,21.5,20.1,20.7,21.2,,20.9,22.5,,,,,,,,,,,,,,,,,,,,,,,,,,,,,,,,,,,,
180713,,,21.4,20.3,21.8,22.4,20.4,22.5,22.6,23.4,19.5,,,23.3,21.8,21.4,20.8,20.9,21.1,,20.7,22.1,,,,,,,,,,,,,,,,,,,,,,,,,,,,,,,,,,,,
180714,,,21.6,20.3,21.5,22.6,21.2,22.5,22.4,23.5,19.4,,,23,22.1,21.5,20.4,21,20.7,,21,,,,,,,,,,,,,,,,,,,,,,,,,,,,,,,,,,,,,
180715,,,21.5,20.3,21.3,22.2,21,21.9,22.2,23.6,19.2,,,23.3,21.7,21.6,20.1,20.4,20.9,,21.5,,,,,,,,,,,,,,,,,,,,,,,,,,,,,,,,,,,,,
180716,,,21.1,19.7,21.1,22.9,20.5,22.1,22,23.6,19.2,,,23.3,21.7,20.6,20.2,20.6,20.7,,20.9,,,,,,,,,,,,,,,,,,,,,,,,,,,,,,,,,,,,,
180717,,,21.5,20.4,21.5,22.9,21.2,22.6,22.5,23,18.9,,,22.9,22.5,20.8,20.5,20.6,20.8,,,,,,,,,,,,,,,,,,,,,,,,,,,,,,,,,,,,,,,
180718,,,21.1,20.7,22,22.3,20.4,22.6,22.1,23.1,19,,,22.7,21.9,21.3,20.7,21.2,20.6,,,,,,,,,,,,,,,,,,,,,,,,,,,,,,,,,,,,,,,
180719,,,21,20.6,22,22.5,21,22.8,22.4,23.2,18.9,,,23.2,21.7,21.6,20.3,20.6,20.8,,,,,,,,,,,,,,,,,,,,,,,,,,,,,,,,,,,,,,,
180720,,,21.6,20.1,21.9,22.5,21,22.4,22,22.9,19.6,,,23,21.6,21.2,20,20.9,20.4,,,,,,,,,,,,,,,,,,,,,,,,,,,,,,,,,,,,,,,
180721,,,21.5,20,21.7,22,21,22.1,22,22.9,18.9,,,23.5,22.4,21.2,20.9,20.7,20.4,,,,,,,,,,,,,,,,,,,,,,,,,,,,,,,,,,,,,,,
180722,,,21.4,19.8,21.8,22.4,21.3,22.7,22.4,22.9,19.4,,,22.9,22.5,21.6,20.5,21.1,20.7,,,,,,,,,,,,,,,,,,,,,,,,,,,,,,,,,,,,,,,
180723,,,21.5,20.4,21.8,22.4,20.4,22.5,22.4,23.6,19.1,,,23.3,21.9,21.3,20.8,21.1,20.5,,,,,,,,,,,,,,,,,,,,,,,,,,,,,,,,,,,,,,,
180724,,,21.3,20,21.9,22.2,20.9,22.8,22,23.7,19.4,,,23,21.6,21,20.8,21.3,21.1,,,,,,,,,,,,,,,,,,,,,,,,,,,,,,,,,,,,,,,
180725,,,21,19.7,21.2,22.9,20.8,22.4,22.4,23.5,19.8,,,22.8,22.4,21,20.6,21.3,20.8,,,,,,,,,,,,,,,,,,,,,,,,,,,,,,,,,,,,,,,
180726,,,21.8,20.4,21.3,22.7,20.6,22.2,22.1,22.9,19.5,,,23.1,21.9,21.6,20.5,21.4,20.4,,,,,,,,,,,,,,,,,,,,,,,,,,,,,,,,,,,,,,,
180727,,,20.9,20.4,21.8,22.5,20.4,22.7,22,23.5,19.2,,,23.2,21.7,20.9,20.4,21.2,20.7,,,,,,,,,,,,,,,,,,,,,,,,,,,,,,,,,,,,,,,
180728,,,21.4,20.2,21.5,22.7,21.3,22.2,22,22.9,18.9,,,23,22.2,20.7,20.3,20.5,20.6,,,,,,,,,,,,,,,,,,,,,,,,,,,,,,,,,,,,,,,
180729,,,21.8,20.5,21.7,22.1,21.3,22.9,22.5,23.2,19.2,,,22.7,21.6,21.2,20,20.7,21.1,,,,,,,,,,,,,,,,,,,,,,,,,,,,,,,,,,,,,,,
180730,,,21,20.6,21.9,22.9,21.2,22.3,22.3,23.6,19.4,,,23.6,21.6,21.3,20.2,20.5,21.2,,,,,20.7,20.6,22.2,,,,,,,,,,,,,,,,,,,,,,,,,,,,,,,,
180731,,,21.4,20.7,21.4,22,21,22,22.4,22.9,19.1,,,22.8,22.1,21.4,20,21.1,21.2,,,,,20.7,20.7,22.4,,,,,,,,,,,,,,,,,,,,,,,,,,,,,,,,
180801,,,21.3,20.1,22,22.2,20.7,21.9,22.1,23.4,18.8,,,22.7,22.4,21.6,20.7,20.9,20.5,,,,,20.8,20.8,22.3,,,,,,,,,,,,,,,,,,,,,,,,,,,,,,,,
180802,,,21.8,19.9,22.1,22.5,20.9,22.4,22,23.4,19.4,,,23.1,21.7,20.9,20.3,20.8,20.8,,,,,20.5,20.9,22.3,,,,,,,,,,,,,,,,,,,,,,,,,,,,,,,,
180803,,,21.3,19.8,21.6,22.1,21,22,22.5,23.5,19.7,,,22.7,21.7,21.4,20,21.2,20.4,,,,,20.8,21.1,22.5,,,,,,,,,,,,,,,,,,,,,,,,,,,,,,,,
180804,,,21.5,20.1,21.4,22.3,20.4,22.8,21.9,23,19.2,,,22.6,21.5,20.9,20.3,20.5,21.1,,,,,20.6,21.2,21.8,,,,,,,,,,,,,,,,,,,,,,,,,,,,,,,,
180805,,,21.2,20.5,21.3,22.9,20.9,22.6,21.6,23.3,19.7,,,23.1,22.3,21.5,20.8,20.6,20.7,,,,,20.5,20.8,22.5,,,,,,,,,,,,,,,,,,,,,,,,,,,,,,,,
180806,,,21.2,20.4,21.9,22.5,20.8,22.3,21.7,23.7,19,,,23.2,22.3,21.3,20.9,20.7,21,,,,,20.4,20.5,22.5,,,,,,,,,,,,,,,,,,,,,,,,,,,,,,,,
180807,,,21.8,20,21.9,22.9,21.3,22.2,22.4,23.7,19.4,,,23,22.4,20.9,20.4,21.2,21.3,,,,,20.6,20.5,22.3,,,,,,,,,,,,,,,,,,,,,,,,,,,,,,,,
180808,,,21.6,20.1,21.8,22.5,20.4,22.7,22.6,23.4,19.7,,,23.1,21.8,20.9,20.8,20.8,20.7,,,,,20.5,20.9,21.9,,,,,,,,,,,,,,,,,,,,,,,,,,,,,,,,
180809,,,21.7,19.9,21.3,22.9,20.9,21.9,22.1,23.6,19.2,,,22.7,22.1,21.3,20.4,20.8,21,,,,,20.6,21.2,,,,,,,,,,,,,,,,,,,,,,,,,,,,,,,,,
180810,,,21.3,20.1,21.5,22.2,20.4,22.4,22,23.1,19.2,,,23.1,21.6,20.8,20.8,20.9,20.8,,,,,20.9,21.2,,,,,,,,,,,,,,,,,,,,,,,,,,,,,,,,,
180811,,,21.4,20,21.2,22.1,20.5,22.5,22.3,23,19.2,,,22.7,21.6,21.1,20.2,20.8,20.8,,,,,20.7,20.5,,,,,,,,,,,,,,,,,,,,,,,,,,,,,,,,,
180812,,,21.6,20.1,21.3,22.6,20.3,22.2,21.8,23.2,19.4,,,22.8,21.9,21,20.5,20.9,20.6,,,,,20.1,20.9,,,,,,,,,,,,,,,,,,,,,,,,,,,,,,,,,
180813,,,21.5,19.9,21.5,22.1,21.1,22.2,21.7,23.5,19,,,22.8,22,20.8,20.2,20.8,20.5,,,,,20.9,21.1,,,,,,,,,,,,,,,,,,,,,,,,,,,,,,,,,
180814,,,21.1,20.1,22,22.3,20.6,22.9,22.1,23.2,18.9,,,22.6,21.6,21.2,20.8,21.4,21,,,,,20.3,21.1,,,,,,,,,,,,,,,,,,,,,,,,,,,,,,,,,
180815,,,21.1,19.8,21.8,22.1,21.1,22.5,22,23.7,19,,,23.5,22.2,21.5,20.5,21.4,20.3,,,,,20.6,21.1,,,,,,,,,,,,,,,,,,,,,,,,,,,,,,,,,
180816,,,21.3,20,21.4,22.3,20.9,22.7,21.9,23.6,19.3,,,22.6,22.1,21.1,20.3,20.9,20.3,,,,,20.6,21.2,,23,22.6,19.5,,,,,,,,,,,,,,,,,,,,,,,,,,,,,
180817,,,21.8,20.2,21.9,22.9,20.3,22.5,22.4,23.1,19.3,,,23,22,21.3,20.2,20.8,20.7,,,,,20.8,20.7,,22.5,21.9,19.4,,,,,,,,,,,,,,,,,,,,,,,,,,,,,
180818,,,21.5,20.1,21.4,22.5,21.2,21.9,22.6,22.9,19.5,,,23.2,22.5,20.8,20.1,20.8,20.7,,,,,20.6,21.1,,23.3,22,19.7,,,,,,,,,,,,,,,,,,,,,,,,,,,,,
180819,,,21.5,19.7,22,22.3,20.7,21.9,21.7,23.6,19.2,,,22.9,21.7,21.6,20.5,20.9,20.7,,,,,20.1,20.9,,22.6,21.9,20.1,,,,,,,,,,,,,,,,,,,,,,,,,,,,,
180820,,,21.8,19.9,21.4,22.3,20.7,22.3,22.4,23.6,19.1,,,23,22.2,20.6,20.7,21.3,20.6,,,,,20.9,20.5,,22.9,22.3,19.5,,,,,,,,,,,,,,,,,,,,,,,,,,,,,
180821,,,21.8,20.4,21.7,22.5,21.2,22.6,21.8,22.9,18.9,,,23.4,22.4,21.2,20.8,20.5,20.7,,,,,21,20.7,,22.4,21.9,19.5,,,,,,,,,,,,,,,,,,,,,,,,,,,,,
180822,,,21.3,20.3,21.9,22.8,20.8,22.6,21.6,23.5,19.8,,,23.4,21.9,21.4,20.8,21,20.4,,,,,20.9,21,,23.1,22.4,19.4,,,,,,,,,,,,,,,,,,,,,,,,,,,,,
180823,,,21.6,19.9,21.2,22.3,21.3,22.2,22,,,,,22.9,,21,20.2,20.8,21.3,,,,,20.4,20.3,,22.6,22.7,20.1,,,,,,,,,,,,,,,,,,,,,,,,,,,,,
180824,,,21.3,20,22,22.6,20.5,22.4,21.8,,,,,22.8,,21.5,20.4,20.8,20.4,,,,,20.5,20.6,,22.7,22.4,20.3,,,,,,,,,,,,,,,,,,,,,,,,,,,,,
180825,,,21.5,20.3,22.1,23,21.1,22.1,22.1,,,,,23,,21.1,20.6,21.2,20.9,,,,,20.7,20.9,,22.5,22.4,19.7,,,,,,,,,,,,,,,,,,,,,,,,,,,,,
180826,,,20.9,20.2,21.8,22,21.1,22,22.2,,,,,22.7,,21.6,20,21.3,20.9,,,,,20.7,20.4,,22.8,22.2,19.4,,,,,,,,,,,,,,,,,,,,,,,,,,,,,
180827,,,21.5,20.5,21.5,22.5,21.1,22.5,22.3,,,,,23.3,,21.2,20.5,21.1,20.4,,,,,20.8,20.7,,23.2,22.4,19.5,,,,,,,,,,,,,,,,,,,,,,,,,,,,,
180828,,,21.1,19.8,21.8,22.5,20.7,22.3,22.5,,,,,22.6,,21.3,20.2,20.6,20.6,,,,,20.9,20.8,,23.2,22.2,20.2,,,,,,,,,,,,,,,,,,,,,,,,,,,,,
180829,,,21.1,20.7,22,22.9,21.2,22.2,21.6,,,,,22.7,,21.5,20.3,21.4,20.7,,,,,20.3,20.6,,22.8,22.4,19.4,,,,,,,,,,,,,,,,,,,,,,,,,,,,,
180830,,,21.1,19.9,21.6,22.2,20.8,22,22.3,,,,,23.5,,21.1,20.5,21,20.8,,,,,20.8,21.2,,22.6,22.6,19.4,,,,,,,,,,,,,,,,,,,,,,,,,,,,,
180831,,,21.8,20.4,21.3,22.2,20.8,22.9,22.6,,,,,23.2,,21.3,20.4,20.9,21.1,,,,,20.8,21,,23,22.5,19.6,,,,,,,,,,,,,,,,,,,,,,,,,,,,,
180901,,,21.6,20.7,21.6,22.9,20.6,22.3,22.6,,,,,23.4,,20.8,20.2,20.8,21.2,,,,,21,20.4,,23,22.7,19.7,,,,,,,,,,,,,,,,,,,,,,,,,,,,,
180902,,,21.6,20.2,21.2,22.8,21,22.6,22.1,,,,,23,,21.2,20,20.5,21.3,,,,,20.1,21.3,,23.1,22.1,20,,,,,,,,,,,,,,,,,,,,,,,,,,,,,
180903,,,21.8,20.2,22,22.2,20.4,22.6,22,,,,,22.9,,20.7,20,20.7,20.5,,,,,20.7,21.2,,22.7,21.8,19.6,,,,,,,,,,,,,,,,,,,,,,,,,,,,,
180904,,,21.5,20.3,21.6,22.9,20.5,22.7,22.6,,,,,22.9,,20.9,20.2,20.8,20.5,,,,,20.7,21.1,,22.4,22.2,20,,,,,,,,,,,,,,,,,,,,,,,,,,,,,
180905,,,21,20.7,21.4,22.1,21.3,22.7,22.1,,,,,22.7,,21.2,20.6,21.2,20.4,,,,,20.2,20.9,,23.3,22.6,19.8,,,,,,,,,,,,,,,,,,,,,,,,,,,,,
180906,,,21.4,20,21.5,22.4,20.4,22.4,,,,,,23.2,,20.8,20.3,20.4,20.8,,,,,20.4,21.2,,22.8,22.8,19.3,,,,,,,,,,,,,,,,,,,,,,,,,,,,,
180907,,,21.3,20.6,,,21.1,22.1,,,,,,23.5,,20.9,20.7,20.7,20.5,,,,,20.4,20.4,,23.2,22.6,19.5,,,,,,,,,,,,,,,,,,,,,,,,,,,,,
180908,,,21.3,20,,,20.7,22.8,,,,,,,,,20.7,21.1,20.6,,,,,20.6,21.2,,23.2,22,19.9,,,,,,,,,,,,,,,,,,,,,,,,,,,,,
180909,,,21.8,20.5,,,20.4,22.7,,,,,,,,,20,20.5,20.7,,,,,20.2,21.1,,23.2,21.8,19.8,,,,,,,,,,,,,,,,,,,,,,,,,,,,,
180910,,,21.4,20,,,20.3,21.9,,,,,,,,,19.9,21.2,20.9,,,,,20.2,21,,22.7,22.4,20.3,,,,,,,,,,,,,,,,,,,,,,,,,,,,,
180911,,,21,20,,,21.3,21.9,,,,,,,,,20.7,21.1,21,,,,,20.9,21,,22.7,22.5,20.3,,,,,,,,,,,,,,,,,,,,,,,,,,,,,
180912,,,21.8,,,,20.5,22.6,,,,,,,,,20.6,21.2,21.3,,,,,20.4,20.9,,23,21.8,20.1,,,,,,,,,,,,,,,,,,,,,,,,,,,,,
180913,,,21.4,,,,20.7,22.1,,,,,,,,,20.5,21,20.8,,,,,20.1,20.4,,23,22.6,19.5,,,,,,,,,,,,,,,,,,,,,,,,,,,,,
180914,,,21.6,,,,20.4,21.9,,,,,,,,,20.9,21.4,21.2,,,,,20.2,20.9,,22.6,22.2,20,19.5,,,,,,,,,,,,,,,,,,,,,,,,,,,,
180915,,,21.4,,,,20.9,22.5,,,,,,,,,20.1,20.6,20.5,,,,,20.5,20.6,,22.4,21.8,20,19.4,19.8,20.2,,,,,,,,,,,,,,,,,,,,,,,,,,
180916,,,21.5,,,,20.7,21.9,,,,,,,,,20.9,20.9,20.7,,,,,20.4,21,,22.4,22.4,19.9,19.5,19.8,20,,,,,,,,,,,,,,,,,,,,,,,,,,
180917,,,21.7,,,,20.4,22,,,,,,,,,20.2,21.1,20.9,,,,,20.9,20.6,,22.5,21.9,20.1,19.3,19.6,20.4,,,,,,,,,,,,,,,,,,,,,,,,,,
180918,,,21.1,,,,20.3,22.2,,,,,,,,,20,21.1,21.3,,,,,20.3,20.6,,22.7,22.1,19.8,19.5,19.2,20.1,,,,,,,,,,,,,,,,,,,,,,,,,,
180919,,,21.1,,,,20.7,21.9,,,,,,,,,20.2,21.4,20.4,,,,,20.3,20.5,,22.4,22,20.2,19.4,19.9,19.9,,,,,,,,,,,,,,,,,,,,,,,,,,
180920,,,21.4,,,,21.2,22.3,,,,,,,,,20.6,21.3,20.4,,,,,20,20.7,,23.1,22.3,19.3,19.6,19.9,20,,,,,,,,,,,,,,,,,,,,,,,,,,
180921,,,21,,,,20.6,22,,,,,,,,,20.3,20.5,21.2,,,,,20.5,20.7,,22.8,22.6,19.9,19.2,20,20,,,,,,,,,,,,,,,,,,,,,,,,,,
180922,,,21.5,,,,21,22.6,,,,,,,,,20.6,21.1,21,,,,,20.7,20.8,,22.7,22.2,19.6,19.4,19.5,20.1,,,,,,,,,,,,,,,,,,,,,,,,,,
180923,,,21.6,,,,21,22.5,,,,,,,,,20.5,20.9,21.2,,,,,20.7,20.6,,22.4,22.3,20,19.5,19.5,20.4,,,,,,,,,,,,,,,,,,,,,,,,,,
180924,,,21,,,,21.2,22.4,,,,,,,,,20,20.7,21.1,,,,,20.5,21.2,,23.2,21.9,19.5,19.8,19.5,20.6,,,,,,,,,,,,,,,,,,,,,,,,,,
180925,,,,,,,21,22.4,,,,,,,,,20.6,21.2,21.3,,,,,20.1,20.3,,23.3,22.4,19.3,19.3,19.8,20.6,,,,,,,,,,,,,,,,,,,,,,,,,,
180926,,,,,,,20.9,22.3,,,,,,,,,20.7,20.9,20.7,,,,,20.7,20.7,,23.2,22.4,19.6,19.4,19.5,20,,,,,,,,,,,,,,,,,,,,,,,,,,
180927,,,,,,,21,22.3,,,,,,,,,20.8,21.1,20.8,,,,,20.7,21.2,,22.5,22.6,19.4,19.6,19.2,20,,,,,,,,,,,,,,,,,,,,,,,,,,
180928,,,,,,,21,21.9,,,,,,,,,20,21.2,20.6,,,,,20.2,21.2,,22.5,22.4,19.7,19.3,19.6,20,,,,,,,,,,,,,,,,,,,,,,,,,,
180929,,,,,,,21.2,22.7,,,,,,,,,20.1,21.1,20.8,,,,,20.2,20.5,,23.1,22,19.5,19.7,19.4,20.3,,,,,,,,,,,,,,,,,,,,,,,,,,
180930,,,,,,,21.2,22.8,,,,,,,,,20.5,20.5,20.3,,,,,20.7,20.9,,22.7,22.7,19.8,20.2,19.5,20.1,,,,,,,,,,,,,,,,,,,,,,,,,,
181001,,,,,,,20.7,22.8,,,,,,,,,20.2,21.4,21.2,,,,,20.4,20.7,,23.2,22.2,19.4,20.1,19.2,20.4,,,,,,,,,,,,,,,,,,,,,,,,,,
181002,,,,,,,20.6,22.6,,,,,,,,,20.8,20.8,20.7,,,,,20.3,21.3,,23,22.7,19.4,20.1,19.7,20.8,,,,,,,,,,,,,,,,,,,,,,,,,,
181003,,,,,,,21.2,22.2,,,,,,,,,20.4,20.8,20.5,,,,,20.4,21.1,,22.6,22.3,19.6,19.4,19.5,20.1,,,,,,,,,,,,,,,,,,,,,,,,,,
181004,,,,,,,21.2,22.2,,,,,,,,,20.2,21.1,20.6,,,,,20.9,21.3,,23.2,21.8,19.9,19.8,20.1,20.4,,,,,,,,,,,,,,,,,,,,,,,,,,
181005,,,,,,,20.4,22.4,,,,,,,,,20.5,20.6,21.3,,,,,20.3,20.5,,22.9,22.3,20,19.2,19.7,20.1,,,,,,,,,,,,,,,,,,,,,,,,,,
181006,,,,,,,20.6,22.5,,,,,,,,,20.3,20.7,21,,,,,20.8,20.4,,22.5,22.6,19.7,20,20,20.2,,,,,,,,,,,,,,,,,,,,,,,,,,
181007,,,,,,,20.3,22.5,,,,,,,,,20.8,21.1,20.6,,,,,20.6,20.5,,23.2,22,19.5,19.2,19.9,20.5,,,,,,,,,,,,,,,,,,,,,,,,,,
181008,,,,,,,,,,,,,,,,,20.2,21,20.6,,,,,20.8,21.1,,22.6,22.4,19.9,20,19.5,19.9,,,,,,,,,,,,,,,,,,,,,,,,,,
181009,,,,,,,,,,,,,,,,,20.4,20.7,20.8,,,,,20.8,21.3,,22.9,22.5,19.5,19.6,19.4,20.8,,,,,,,,,,,,,,,,,,,,,,,,,,
181010,,,,,,,,,,,,,,,,,20.7,21.4,21.2,,,,,21,20.5,,22.6,22.1,19.6,19.3,19.4,20.7,,,,,,,,,,,,,,,,,,,,,,,,,,
181011,,,,,,,,,,,,,,,,,20.3,21,20.7,,,,,20.1,21.2,,23.2,21.8,19.5,20.1,19.9,20.6,,,,,,,,,,,,,,,,,,,,,,,,,,
181012,,,,,,,,,,,,,,,,,20.2,21.2,20.7,,,,,20.9,21.2,,23,22.2,20.1,20,20.1,19.9,,,,,,,,,,,,,,,,,,,,,,,,,,
181013,,,,,,,,,,,,,,,,,20.3,21.3,21.1,,,,,20.9,20.5,,22.5,22.6,19.4,19.3,19.8,20.8,,,,,,,,,,,,,,,,,,,,,,,,,,
181014,,,,,,,,,,,,,,,,,20.1,21.1,21,,,,,20.3,20.9,,22.6,22.5,19.8,20.2,20,20.4,,,,,,,,,,,,,,,,,,,,,,,,,,
181015,,,,,,,,,,,,,,,,,20.4,21,20.3,,,,,20.3,21.2,,23.1,22.1,20,19.6,20,20.1,,,,,,,,,,,,,,,,,,,,,,,,,,
181016,,,,,,,,,,,,,,,,,20.6,20.7,20.4,,,,,20.5,20.6,,23.2,22.5,19.9,19.8,19.7,19.9,,,,,,,,,,,,,,,,,,,,,,,,,,
181017,,,,,,,,,,,,,,,,,20.2,21.1,20.6,,,,,20.2,20.5,,22.9,22.4,19.9,19.8,19.4,20.3,,,,,,,,,,,,,,,,,,,,,,,,,,
181018,,,,,,,,,,,,,,,,,20.8,21.3,20.6,,,,,20.9,21,,23.2,22.5,20,20.2,19.5,20.8,,,,,,,,,,,,,,,,,,,,,,,,,,
181019,,,,,,,,,,,,,,,,,20.7,20.9,20.4,,,,,20.3,20.9,,23.3,22.4,19.4,20.2,19.7,20.5,,,,,,,,,,,,,,,,,,,,,,,,,,
181020,,,,,,,,,,,,,,,,,20.3,21.3,20.8,,,,,20.1,20.8,,22.6,22.3,19.7,19.7,19.2,20.4,,,,,,,,,,,,,,,,,,,,,,,,,,
181021,,,,,,,,,,,,,,,,,20.7,20.5,20.8,,,,,20.5,20.8,,22.8,22.3,19.9,19.6,19.5,20.6,,,,,,,,,,,,,,,,,,,,,,,,,,
181022,,,,,,,,,,,,,,,,,20.4,20.9,20.9,,,,,20.6,20.4,,22.7,22.6,19.6,19.3,19.9,20.2,,,,,,,,,,,,,,,,,,,,,,,,,,
181023,,,,,,,,,,,,,,,,,20.6,21.3,21.3,,,,,20.1,20.3,,23.3,22.2,20.1,19.9,19.6,20.5,,,,,,,,,,,,,,,,,,,,,,,,,,
181024,,,,,,,,,,,,,,,,,20.2,20.9,20.4,,,,,20.6,21.2,,23.3,22,19.4,19.5,19.4,20.2,,,,,,,,,,,,,,,,,,,,,,,,,,
181025,,,,,,,,,,,,,,,,,20.7,20.9,20.4,,,,,20.6,20.5,,23.1,22.5,19.7,19.6,19.4,19.9,,,,,,,,,,,,,,,,,,,,,,,,,,
181026,,,,,,,,,,,,,,,,,20.7,20.7,21.1,,,,,,21.1,,22.7,22.2,20.1,20,19.9,20.8,,,,,,,,,,,,,,,,,,,,,,,,,,
181027,,,,,,,,,,,,,,,,,20.6,20.5,20.8,,,,,,20.8,,22.7,22.2,20.2,19.8,19.7,19.9,,,,,,,,,,,,,,,,,,,,,,,,,,
181028,,,,,,,,,,,,,,,,,20.1,21.1,20.7,,,,,,20.6,,23.1,22.4,19.6,19.8,19.5,20.6,,,,,,,,,,,,,,,,,,,,,,,,,,
181029,,,,,,,,,,,,,,,,,20.1,20.6,20.5,,,,,,20.4,,23.1,21.8,20.1,19.5,19.2,20.6,,,,,,,,,,,,,,,,,,,,,,,,,,
181030,,,,,,,,,,,,,,,,,20.5,20.5,21,,,,,,21,,22.7,22.5,19.4,19.5,20.1,20.2,,,,,,,,,,,,,,,,,,,,,,,,,,
181031,,,,,,,,,,,,,,,,,20.6,20.9,20.6,,,,,,21.2,,22.7,22.2,19.6,19.5,19.1,19.9,,,,,,,,,,,,,,,,,,,,,,,,,,
181101,,,,,,,,,,,,,,,,,19.9,21,20.9,,,,,,20.6,,22.7,22.5,19.8,19.9,19.4,19.9,,,,,,,,,,,,,,,,,,,,,,,,,,
181102,,,,,,,,,,,,,,,,,20.1,21.4,20.4,,,,,,20.5,,22.9,22.1,19.7,19.5,19.8,20.2,,,,,,,,,,,,,,,,,,,,,,,,,,
181103,,,,,,,,,,,,,,,,,20.7,21,21.3,,,,,,20.9,,23,21.9,19.7,19.8,19.8,20.6,,,,,,,,,,,,,,,,,,,,,,,,,,
181104,,,,,,,,,,,,,,,,,20.9,20.5,21.3,,,,,,20.8,,23.2,22.4,19.4,19.5,19.6,20.7,,,,,,,,,,,,,,,,,,,,,,,,,,
181105,,,,,,,,,,,,,,,,,20.1,20.8,20.9,,,,,,20.7,,22.8,,19.7,19.5,19.8,20.3,,,,,,,,,,,,,,,,,,,,,,,,,,
181106,,,,,,,,,,,,,,,,,20.2,20.5,21,,,,,,20.4,,22.5,,20.3,19.5,19.2,19.9,,,,,,,,,,,,,,,,,,,,,,,,,,
181107,,,,,,,,,,,,,,,,,20.3,20.9,21.2,,,,,,20.7,,23.3,,20.1,19.7,19.6,20.2,,,,,,,,,,,,,,,,,,,,,,,,,,
181108,,,,,,,,,,,,,,,,,20.1,21.4,21.2,,,,,,20.9,,22.6,,19.8,19.8,19.5,20.2,,,,,,,,,,,,,,,,,,,,,,,,,,
181109,,,,,,,,,,,,,,,,,20.3,21.4,20.4,,,,,,20.4,,22.8,,20.1,19.3,19.9,20.1,,,,,,,,,,,,,,,,,,,,,,,,,,
181110,,,,,,,,,,,,,,,,,20.5,20.6,20.4,,,,,,21,,22.4,,19.7,19.3,20,20.1,19.8,19.9,23.2,,,,,,,,,,,,,,,,,,,,,,,
181111,,,,,,,,,,,,,,,,,20.4,20.7,20.5,,,,,,21.1,,22.5,,19.9,20,20.1,20.8,19.5,20.3,23,,,,,,,,,,,,,,,,,,,,,,,
181112,,,,,,,,,,,,,,,,,20.8,21.4,20.9,,,,,,21.2,,22.4,,20.3,19.4,19.4,20.4,19.3,19.5,22.7,,,,,,,,,,,,,,,,,,,,,,,
181113,,,,,,,,,,,,,,,,,20.1,21.2,20.9,,,,,,,,23.1,,20,19.9,20,20.1,19.8,19.8,23.1,,,,,,,,,,,,,,,,,,,,,,,
181114,,,,,,,,,,,,,,,,,20,21,20.6,,,,,,,,22.5,,19.8,19.9,19.2,20.8,19.7,19.5,23.1,,,,,,,,,,,,,,,,,,,,,,,
181115,,,,,,,,,,,,,,,,,20.3,21.3,20.5,,,,,,,,22.7,,19.9,19.4,19.5,19.9,19.9,20.2,23.1,20.4,20.7,22.6,,,,,,,,,,,,,,,,,,,,
181116,,,,,,,,,,,,,,,,,20.6,21.1,21.1,,,,,,,,22.6,,19.4,20.1,19.8,20.4,19.9,20.2,23.1,19.7,20.9,22.4,,,,,,,,,,,,,,,,,,,,
181117,,,,,,,,,,,,,,,,,20.8,21.4,20.7,,,,,,,,22.4,,20.2,19.7,19.3,20.5,19.6,20.3,23,20.3,21.5,21.9,,,,,,,,,,,,,,,,,,,,
181118,,,,,,,,,,,,,,,,,20,21.4,20.9,,,,,,,,23.3,,19.5,19.9,19.2,20.8,19,20.1,23.3,19.9,21.3,22.3,,,,,,,,,,,,,,,,,,,,
181119,,,,,,,,,,,,,,,,,20.2,20.5,21,,,,,,,,22.5,,19.5,19.5,19.2,20.8,19.2,20.4,23.3,20,21.1,22,,,,,,,,,,,,,,,,,,,,
181120,,,,,,,,,,,,,,,,,20.9,20.5,21.3,,,,,,,,22.8,,19.9,19.4,19.2,20,19.3,20,23.3,20.4,21.1,22.3,,,,,,,,,,,,,,,,,,,,
181121,,,,,,,,,,,,,,,,,20.7,21.1,20.5,,,,,,,,22.4,,19.8,20.1,19.5,19.8,19.2,20.3,23.1,19.9,21.1,22.2,,,,,,,,,,,,,,,,,,,,
181122,,,,,,,,,,,,,,,,,20,21.1,20.8,,,,,,,,23,,19.8,19.8,20.1,20,19.7,19.5,22.7,20.1,20.9,22.4,,,,,,,,,,,,,,,,,,,,
181123,,,,,,,,,,,,,,,,,20,20.9,20.8,,,,,,,,22.5,,19.4,19.5,19.7,20,19.6,19.4,23.4,19.9,20.8,22.1,,,,,,,,,,,,,,,,,,,,
181124,,,,,,,,,,,,,,,,,20.9,21,20.8,,,,,,,,22.8,,19.4,19.8,19.4,20.4,19.9,19.6,23,19.6,20.7,21.8,,,,,,,,,,,,,,,,,,,,
181125,,,,,,,,,,,,,,,,,20.3,20.5,20.8,,,,,,,,23.2,,20.2,19.4,19.8,20.4,19.5,20,23,20.3,21.2,22.2,,,,,,,,,,,,,,,,,,,,
181126,,,,,,,,,,,,,,,,,20,21.3,21.3,,,,,,,,22.4,,19.7,19.3,19.8,20.6,19.4,20.2,22.9,20.3,21,22.5,,,,,,,,,,,,,,,,,,,,
181127,,,,,,,,,,,,,,,,,20.4,20.8,20.4,,,,,,,,23.1,,19.3,19.4,20,20,19.6,20.3,23,20,20.7,22.1,,,,,,,,,,,,,,,,,,,,
181128,,,,,,,,,,,,,,,,,20.9,21.3,20.3,,,,,,,,22.7,,19.8,19.4,19.3,20.6,19.2,19.5,23.1,19.7,20.9,21.8,,,,,,,,,,,,,,,,,,,,
181129,,,,,,,,,,,,,,,,,20.9,21.3,21.3,,,,,,,,23,,20.2,19.9,19.2,20.4,19,20.3,22.9,20.4,21.2,22.3,,,,,,,,,,,,,,,,,,,,
181130,,,,,,,,,,,,,,,,,20,21,21.3,,,,,,,,23,,20.2,19.4,19.8,20.3,19.2,20.3,23.1,19.7,21.1,21.9,,,,,,,,,,,,,,,,,,,,
181201,,,,,,,,,,,,,,,,,20.9,20.5,21.1,,,,,,,,22.4,,19.8,19.9,19.3,20.4,19.8,19.9,22.7,20.1,21.4,22,,,,,,,,,,,,,,,,,,,,
181202,,,,,,,,,,,,,,,,,20.4,20.7,20.4,,,,,,,,22.9,,19.8,19.9,19.8,20.8,19.1,19.5,22.8,19.9,21.4,22,,,,,,,,,,,,,,,,,,,,
181203,,,,,,,,,,,,,,,,,20.1,20.5,20.8,,,,,,,,22.8,,19.5,19.5,19.2,20.2,19.9,20.3,22.7,20.3,21.5,21.8,,,,,,,,,,,,,,,,,,,,
181204,,,,,,,,,,,,,,,,,20.6,20.6,20.7,,,,,,,,22.4,,20.3,19.8,19.2,20.1,19.4,19.6,23.1,19.5,21.2,22.6,,,,,,,,,,,,,,,,,,,,
181205,,,,,,,,,,,,,,,,,20.8,21.3,21.3,,,,,,,,23,,19.4,,20,20.2,19.1,20.2,23.6,19.9,20.6,22.6,,,,,,,,,,,,,,,,,,,,
181206,,,,,,,,,,,,,,,,,20.4,20.6,21.3,,,,,,,,23.1,,19.4,,19.9,20.7,19.5,19.7,23,19.9,21.6,21.7,,,,,,,,,,,,,,,,,,,,
181207,,,,,,,,,,,,,,,,,20.9,21.3,20.4,,,,,,,,22.5,,19.6,,19.2,20.6,19.4,20.1,23.6,19.5,21.5,22.2,,,,,,,,,,,,,,,,,,,,
181208,,,,,,,,,,,,,,,,,20.5,21.3,20.8,,,,,,,,23.3,,20.2,,19.3,20.1,19.7,20.3,22.9,20.4,20.7,21.8,21.4,21,21.9,,,,,,,,,,,,,,,,,
181209,,,,,,,,,,,,,,,,,20.8,21.3,21.2,,,,,,,,22.7,,19.6,,19.2,20.5,19,19.6,22.9,20.4,21.3,22.5,20.8,21.3,22.4,,,,,,,,,,,,,,,,,
181210,,,,,,,,,,,,,,,,,20.7,20.4,20.5,,,,,,,,22.6,,19.9,,20,19.9,19,20.3,22.7,19.7,20.7,22.5,21.1,21.3,22.2,22.9,20.6,,,,,,,,,,,,,,,
181211,,,,,,,,,,,,,,,,,20.6,21.2,20.6,,,,,,,,23,,19.6,,19.2,20.8,19.8,20.3,23.2,19.8,21.5,22.2,21.6,21.4,22.6,23.2,20.3,21.6,19.3,,,,,,,,,,,,,
181212,,,,,,,,,,,,,,,,,20.9,20.6,20.5,,,,,,,,23.3,,20.2,,19.4,20,19.1,20.2,23.2,20.1,21.2,22,21.2,21.2,22.5,23.1,21.1,21.4,19.2,,,,,,,,,,,,,
181213,,,,,,,,,,,,,,,,,20.6,20.5,21,,,,,,,,23.2,,19.9,,19.7,20,19.9,20.1,23.2,19.8,20.9,22,21,21.7,22.3,23.5,20.6,21.4,19.6,,,,,,,,,,,,,
181214,,,,,,,,,,,,,,,,,20.2,20.6,20.7,,,,,,,,22.8,,19.5,,19.6,20.6,19.6,20.3,23.4,20.4,20.7,22.4,20.9,21.4,22.6,22.8,21.2,22.1,19.3,,,,,,,,,,,,,
181215,,,,,,,,,,,,,,,,,20.6,21,20.4,,,,,,,,22.7,,20.2,,19.9,20.2,19.2,19.8,22.6,19.6,20.6,22.3,21,21.2,22,23.1,20.3,21.8,19.6,,,,,,,,,,,,,
181216,,,,,,,,,,,,,,,,,20.2,21.2,20.6,,,,,,,,23.3,,19.4,,19.3,20.5,19.6,19.9,23.6,20.2,21.6,21.8,21.5,21.1,22.6,23.3,20.8,22.1,19.5,,,,,,,,,,,,,
181217,,,,,,,,,,,,,,,,,20.5,21.2,21.2,,,,,,,,22.6,,19.4,,19.7,19.9,19.5,19.6,22.7,19.6,20.7,22.3,21.2,21.6,21.9,23.3,20.5,22.2,19.1,,,,,,,,,,,,,
181218,,,,,,,,,,,,,,,,,20.3,20.8,21.1,,,,,,,,22.6,,19.9,,19.6,20.4,19.6,20.2,23.5,19.8,21.2,22.3,21.6,21.3,22.3,23.4,20.6,21.7,19.3,,,,,,,,,,,,,
181219,,,,,,,,,,,,,,,,,20.6,21.1,20.5,,,,,,,,22.8,,19.6,,20.1,20,19.6,20.3,22.9,20.3,21,22.4,21.2,21.1,22.2,23.3,20.9,21.9,19.5,,,,,,,,,,,,,
181220,,,,,,,,,,,,,,,,,20.9,20.8,20.7,,,,,,,,22.8,,19.3,,19.5,20.1,19.7,20.1,23.4,19.6,21.2,21.9,21.1,21.6,22.4,23.2,20.7,22.1,19,,,,,,,,,,,,,
181221,,,,,,,,,,,,,,,,,20.7,21,20.6,,,,,,,,22.8,,20.1,,19.3,20.4,19,19.5,23.2,19.8,21.4,21.9,21.3,21.8,22.3,22.8,21.1,21.8,19.4,,,,,,,,,,,,,
181222,,,,,,,,,,,,,,,,,20.7,20.9,20.9,,,,,,,,22.5,,19.6,,19.7,19.8,19.8,19.5,22.9,20.2,21.4,21.7,21.2,21.1,22.2,23.1,20.8,22.1,19,,,,,,,,,,,,,
181223,,,,,,,,,,,,,,,,,20.8,20.7,21,,,,,,,,22.8,,20.2,,19.6,20.3,19.3,19.5,23.3,19.8,21.3,22.2,20.8,21.3,21.9,23.1,20.5,21.8,19.4,,,,,,,,,,,,,
181224,,,,,,,,,,,,,,,,,20.2,20.9,20.4,,,,,,,,23.2,,19.8,,19.4,20.1,19.1,19.6,23.5,20.1,21.2,22.4,21.2,21.2,22,23.3,21.2,22.2,19.2,,,,,,,,,,,,,
181225,,,,,,,,,,,,,,,,,20.4,21.1,20.7,,,,,,,,22.5,,19.6,,19.5,20.1,19.8,19.9,23,20.2,21,22.5,21.6,21.1,22.1,23.1,20.4,21.6,19.8,,,,,,,,,,,,,
181226,,,,,,,,,,,,,,,,,20.3,21.3,20.6,,,,,,,,22.3,,20.3,,19.6,20.4,19.8,19.7,23.5,20.2,21.5,21.7,21.2,21.2,21.9,22.8,20.9,22.1,19.4,,,,,,,,,,,,,
181227,,,,,,,,,,,,,,,,,20.6,21.1,21.3,,,,,,,,22.6,,20.1,,19.9,20.3,19.8,20.1,23.5,20.1,21.3,22.1,20.9,21.2,22.1,23.1,20.9,21.5,19.8,,,,,,,,,,,,,
181228,,,,,,,,,,,,,,,,,20.2,20.6,20.7,,,,,,,,22.9,,19.6,,19.2,19.9,19.5,20.2,23.5,19.8,20.7,22.4,20.9,21.6,22.1,22.7,21.2,21.7,19.1,,,,,,,,,,,,,
181229,,,,,,,,,,,,,,,,,20.6,21,20.6,,,,,,,,22.9,,20.2,,19.3,20.3,19.4,19.7,23.5,20.2,20.6,22.2,21.2,21.9,22.1,23.4,21.1,21.9,19.9,,,,,,,,,,,,,
181230,,,,,,,,,,,,,,,,,20.7,21.2,20.4,,,,,,,,23.1,,19.6,,19.2,20.7,19.5,20.2,22.8,20.2,21.4,22,21.6,21.7,22.7,22.8,20.7,21.7,19.3,,,,,,,,,,,,,
181231,,,,,,,,,,,,,,,,,20.8,21.2,21,,,,,,,,23,,20.3,,19.8,20.5,19.5,19.7,22.6,20.1,21.2,22.1,20.8,21.9,22.8,23.1,21.2,22.1,19.1,,,,,,,,,,,,,
190101,,,,,,,,,,,,,,,,,20.6,20.7,20.8,,,,,,,,23,,20.2,,19.9,20,19.7,20,22.7,19.6,21.3,22,20.9,21.8,22.7,23.4,20.8,22.2,19,,,,,,,,,,,,,
190102,,,,,,,,,,,,,,,,,20.2,20.8,20.6,,,,,,,,23.1,,19.8,,19.3,20.8,19.3,20.3,23.3,19.8,21.2,22.2,20.9,21,22,22.7,20.4,22.3,19.3,,,,,,,,,,,,,
190103,,,,,,,,,,,,,,,,,20.1,21.2,21.1,,,,,,,,22.8,,19.8,,19.4,20.8,19.2,19.6,22.9,19.8,20.9,22.2,21.2,21.3,21.8,23,20.8,22.2,19.4,,,,,,,,,,,,,
190104,,,,,,,,,,,,,,,,,20.3,20.7,21.3,,,,,,,,22.6,,20.3,,19.5,20.7,19.6,19.9,22.8,20.5,21.3,21.8,21.1,21.1,22.1,22.7,20.4,22.1,19.4,,,,,,,,,,,,,
190105,,,,,,,,,,,,,,,,,20.7,20.9,21.3,,,,,,,,22.5,,19.7,,19.3,20.2,19,20.1,22.7,20.2,21.5,22.3,21.5,21.7,22.7,23.1,20.6,22.1,19,,,,,,,,,,,,,
190106,,,,,,,,,,,,,,,,,20.7,21.3,21.2,,,,,,,,22.9,,20.2,,19.8,20.5,19.3,19.6,23,20.2,21,22.3,20.9,21.2,21.8,23.2,20.7,22.1,19.3,,,,,,,,,,,,,
190107,,,,,,,,,,,,,,,,,20.5,21.4,20.5,,,,,,,,22.9,,19.4,,19.7,20.7,19.7,20.2,23,20.3,20.9,22.5,21.4,21.5,21.9,22.9,20.4,22,19.2,,,,,,,,,,,,,
190108,,,,,,,,,,,,,,,,,20.1,21,21.1,,,,,,,,23.2,,19.7,,19.7,20.3,19.3,20,23.2,19.8,20.8,21.9,21.3,21.1,22.1,23.5,20.7,22,19.8,,,,,,,,,,,,,
190109,,,,,,,,,,,,,,,,,20.1,20.6,20.8,,,,,,,,23,,20,,20.1,20.6,19.5,20.4,22.6,20.3,21.3,22.4,21.5,21.8,21.9,23.4,21.1,21.7,19.7,,,,,,,,,,,,,
190110,,,,,,,,,,,,,,,,,20.8,20.5,20.5,,,,,,,,23,,20,,19.2,20.7,19.3,20.3,22.7,20.2,21.1,22,21.3,21.6,21.8,23.3,21.2,21.9,19.2,,,,,,,,,,,,,
190111,,,,,,,,,,,,,,,,,20.5,21.1,20.7,,,,,,,,22.5,,19.5,,19.8,20.5,19.9,20.2,23.2,20.1,21.4,22.4,21.4,21.3,22.7,23.6,21.3,22.3,19.3,,,,,,,,,,,,,
190112,,,,,,,,,,,,,,,,,20.4,20.7,20.4,,,,,,,,22.7,,19.7,,19.9,20.4,19,20.3,23.6,19.5,21.1,22.6,21.5,22,22.7,23.5,20.6,22.1,19.9,,,,,,,,,,,,,
190113,,,,,,,,,,,,,,,,,19.9,21.1,21.2,,,,,,,,22.5,,20,,19.8,20.8,19.2,19.7,23.4,20.5,20.8,22.3,21.3,21.1,22.2,23.6,21,22.1,19.9,,,,,,,,,,,,,
190114,,,,,,,,,,,,,,,,,20.7,21.3,21.3,,,,,,,,23.1,,19.9,,20.1,20.7,19.5,20.1,23,20.2,21.4,21.7,21,21,21.9,23.3,21.2,21.9,19.7,,,,,,,,,,,,,
190115,,,,,,,,,,,,,,,,,20.5,21.2,21,,,,,,,,22.9,,20,,20.1,20,19.3,19.9,23.5,19.8,21.5,22.2,20.9,21.6,22.8,22.7,21,22.3,19.8,,,,,,,,,,,,,
190116,,,,,,,,,,,,,,,,,20.4,21.3,20.6,,,,,,,,23.1,,20,,19.9,20.3,19.2,20.2,23.6,19.5,21.2,22.4,21.2,22,22.5,22.9,20.5,21.4,19,,,,,,,,,,,,,
190117,,,,,,,,,,,,,,,,,20.9,20.7,21,,,,,,,,22.6,,19.3,,19.2,20.1,19.3,,23,19.9,21.2,22.1,21.1,21.1,22.5,23,21.2,21.9,19.1,,,,,,,,,,,,,
190118,,,,,,,,,,,,,,,,,20.3,21.3,20.4,,,,,,,,22.4,,19.6,,19.6,20,19.8,,22.9,20,21.2,21.7,20.8,21.4,22.2,23.5,21.3,21.6,19.5,,,,,,,,,,,,,
190119,,,,,,,,,,,,,,,,,20.1,20.5,21.3,,,,,,,,22.9,,19.8,,19.2,20.2,19.7,,23.1,20,21.2,22.3,20.8,21.3,22.8,23.3,20.6,21.6,19.6,22.5,23,23.2,,,,,,,,,,
190120,,,,,,,,,,,,,,,,,20.4,20.9,21,,,,,,,,22.4,,19.6,,19.5,20.2,19.6,,23.4,19.7,20.7,22.1,21.3,21.1,22.7,22.9,20.6,21.5,19.1,22.6,22.7,22.9,21.1,21.1,22,,,,,,,
190121,,,,,,,,,,,,,,,,,20.8,21,20.4,,,,,,,,23.1,,19.4,,19.2,20.7,19.3,,22.7,20.3,20.8,21.6,21,21.4,21.9,22.8,20.9,21.5,19.3,22.4,22.7,23.3,20.5,20.9,22.4,,,,,,,
190122,,,,,,,,,,,,,,,,,20.5,21.4,20.4,,,,,,,,23.1,,19.6,,20,20,19.3,,23.4,20.2,21.3,22.3,20.9,21.3,22.2,23.4,21,21.7,19.9,23,22.9,22.7,21,20.4,22.3,,,,,,,
190123,,,,,,,,,,,,,,,,,20.2,21.1,20.4,,,,,,,,22.4,,19.4,,19.7,19.9,19,,22.9,20.2,21,22.1,21.5,21.9,22.2,23.4,20.9,21.7,19.9,23.3,23.3,23.5,21.2,20.4,22.5,,,,,,,
190124,,,,,,,,,,,,,,,,,20.2,20.9,20.9,,,,,,,,22.5,,19.4,,20.1,19.9,19.8,,22.8,20.3,21.2,22.6,21.3,21.8,22.7,22.9,20.3,22,19.7,22.5,22.4,23.1,20.6,20.2,22.4,,,,,,,
190125,,,,,,,,,,,,,,,,,20.5,20.6,21.2,,,,,,,,23,,19.7,,20,20.6,19,,23.6,19.8,20.8,22,21.4,21.6,22.2,23.4,20.6,21.7,19,23,22.7,22.9,21.1,20.4,21.9,,,,,,,
190126,,,,,,,,,,,,,,,,,20.7,20.7,21.1,,,,,,,,22.8,,20.1,,19.6,20.1,19.6,,23.4,19.9,21.4,21.9,21.3,21.5,22.6,23.1,20.4,21.8,19.4,23.1,22.5,23,21.1,20.3,21.8,,,,,,,
190127,,,,,,,,,,,,,,,,,20,21.2,21.3,,,,,,,,22.8,,20.2,,19.2,20.2,19.5,,22.8,20.4,21.2,21.9,21.4,21.2,21.8,23.5,20.5,22.1,19.1,23.2,22.7,23.4,20.7,20.9,22.2,,,,,,,
190128,,,,,,,,,,,,,,,,,20.7,21.2,20.9,,,,,,,,22.7,,20.1,,19.8,20.6,19.4,,23.4,20.4,20.8,22.3,21.6,21.2,22.3,23.4,21,21.6,19.2,22.8,22.7,23.2,21,20.6,21.7,,,,,,,
190129,,,,,,,,,,,,,,,,,20.3,20.5,20.7,,,,,,,,23,,19.4,,19.2,20.4,19.4,,22.9,19.6,20.7,22,20.8,21.3,22.5,22.9,20.8,22,19.4,22.7,23.1,23.6,20.9,20.9,22.5,,,,,,,
190130,,,,,,,,,,,,,,,,,20.6,21.3,20.4,,,,,,,,22.8,,20.2,,19.7,20.6,19.6,,22.7,20.5,21.6,21.8,21.5,21.2,22,22.8,20.8,21.4,19.2,23.1,22.8,23,20.6,21.1,22.2,,,,,,,
190131,,,,,,,,,,,,,,,,,20.6,21.3,20.6,,,,,,,,22.6,,19.9,,19.8,20.3,19.2,,22.9,20.1,21.2,21.9,20.8,21.2,22.1,23,20.6,21.8,19.1,22.8,23,23.3,20.6,20.9,22.4,,,,,,,
190201,,,,,,,,,,,,,,,,,20.6,21.1,21,,,,,,,,23.2,,19.9,,20,20.3,19.3,,23.4,19.5,21.3,22.2,21.4,21.9,22.6,23.4,21.2,22.2,19.4,22.9,22.8,23,20.7,20.7,22.2,,,,,,,
190202,,,,,,,,,,,,,,,,,20.9,20.5,20.8,,,,,,,,22.7,,20.2,,19.8,20.2,19.7,,22.8,19.9,21.2,22.1,21.6,21.8,22.7,22.9,20.5,21.9,19.2,22.6,22.9,23.7,20.4,20.6,21.8,,,,,,,
190203,,,,,,,,,,,,,,,,,20.5,20.9,20.5,,,,,,,,23.3,,19.3,,19.2,19.9,19.1,,23.5,19.8,21.6,22.1,20.9,21.9,22.6,23.4,20.3,22,19.9,22.6,22.5,23.5,20.6,20.4,21.7,21.6,22.9,22.7,23.3,,,
190204,,,,,,,,,,,,,,,,,19.9,21.1,20.9,,,,,,,,22.7,,20,,19.4,20.5,19.6,,23.4,19.9,20.8,22.5,21.7,21.8,22.4,22.9,20.9,22.1,19.3,23.1,23,23.3,20.3,20.3,22.4,21.4,22.3,22.6,22.9,,,
190205,,,,,,,,,,,,,,,,,20.8,20.5,20.9,,,,,,,,22.9,,19.8,,20,19.9,19.7,,23.5,19.7,20.9,21.7,21.7,21.1,22.8,23.1,21,22,19.3,22.3,22.6,23.2,20.9,20.8,21.7,22.1,22.9,23,23.1,,,
190206,,,,,,,,,,,,,,,,,20.6,20.7,21.1,,,,,,,,22.9,,19.7,,19.9,20.3,19.6,,22.7,19.7,21.1,22.2,21.2,21.2,22.4,22.9,20.8,22.1,19.9,23,23,23.5,21.2,20.7,21.6,21.8,22.9,22.6,22.9,,,
190207,,,,,,,,,,,,,,,,,20.5,20.7,20.8,,,,,,,,22.9,,20.3,,19.7,20.7,19.6,,22.9,20.4,21.5,21.7,21,21,22,23.2,21.3,21.7,19.3,22.5,23.3,23.3,20.7,20.6,22.2,22.1,22.5,23.1,23.4,,,
190208,,,,,,,,,,,,,,,,,20.6,20.6,21.3,,,,,,,,23.2,,20.2,,19.8,19.8,19.5,,23,20.3,20.8,21.9,20.8,21.3,21.9,23,20.8,22.3,19.8,23,23,23.1,20.5,21,22,22,22.3,23.4,23.2,,,
190209,,,,,,,,,,,,,,,,,20.5,20.9,21.2,,,,,,,,22.7,,19.8,,19.9,20.3,19.7,,23,20.3,21.1,22.1,21.6,21.2,22,22.9,20.7,22.3,19.3,22.6,22.9,22.8,21.2,20.4,22,21.7,23.1,22.6,22.8,,,
190210,,,,,,,,,,,,,,,,,20,21.4,20.9,,,,,,,,23.3,,20,,19.4,20.6,19.4,,22.9,20.4,21.2,21.8,21.3,21.5,21.9,22.9,20.9,21.4,19,23.2,22.5,23.5,21,20.6,22.5,21.3,22.9,22.9,23.4,,,
190211,,,,,,,,,,,,,,,,,20.5,20.5,20.9,,,,,,,,22.7,,19.3,,19.4,20.5,19.1,,23.5,20.4,21.1,22.1,21.3,21,22.4,23.1,20.4,21.9,19.7,22.7,23.1,23.7,20.6,20.2,21.7,21.7,22.7,23.1,23.3,,,
190212,,,,,,,,,,,,,,,,,20,20.7,21,,,,,,,,22.5,,19.8,,19.4,20,19.3,,22.7,19.5,21.1,22.3,21.1,21.2,22.5,23.4,21.1,22.1,19.4,23,22.8,23.3,20.6,20.5,22.4,21.6,22.5,23.2,23.6,,,
190213,,,,,,,,,,,,,,,,,20.7,21.2,21,,,,,,,,22.9,,19.8,,19.9,20.8,19.8,,23.3,20.4,20.9,22.4,21.6,21.6,22.1,23.1,20.6,22.3,19.1,22.6,22.6,22.9,21.1,20.8,22.3,21.8,22.4,22.6,23.2,,,
190214,,,,,,,,,,,,,,,,,20,21.3,20.5,,,,,,,,23,,19.6,,19.5,20.7,19.6,,22.9,20.3,20.8,22.6,20.8,21.6,22,23.6,20.5,21.4,19.8,22.7,22.5,23.5,21.1,21,22.5,22.2,22.7,23.3,23.1,,,
190215,,,,,,,,,,,,,,,,,20.9,21.2,20.8,,,,,,,,22.9,,20.2,,19.2,20.5,19.3,,22.7,19.5,20.8,22,20.9,21.5,22.7,23.1,20.8,22.3,19.4,22.6,23.2,23.7,21,20.9,22.1,22.2,22.3,22.9,23.3,,,
190216,,,,,,,,,,,,,,,,,20.3,20.5,21,,,,,,,,23,,19.4,,19.5,19.9,19.9,,23.2,19.7,21.1,22.5,21.6,22,21.9,22.7,20.5,21.9,19,22.9,23.1,23,20.6,20.9,21.8,22.2,22.8,22.6,23.6,,,
190217,,,,,,,,,,,,,,,,,20.9,20.5,21.3,,,,,,,,23.2,,19.8,,20,20.7,19.5,,23.6,20.4,21.3,21.8,20.9,21.6,22.7,22.8,20.6,21.5,19.9,22.7,23.1,23.5,20.5,20.6,21.8,21.7,22.4,22.6,23,,,
190218,,,,,,,,,,,,,,,,,20.7,21.4,20.5,,,,,,,,23.2,,19.3,,19.7,20.7,19.1,,23.4,19.9,20.6,22.3,20.8,21.6,22,23.2,20.8,21.7,19.3,22.5,22.4,23.5,20.8,20.4,22.2,21.9,23,22.5,22.7,,,
190219,,,,,,,,,,,,,,,,,20,20.9,21.2,,,,,,,,22.6,,20,,19.9,20.7,19.6,,22.7,19.9,21.5,22.1,21.5,21,22.7,23.6,21.2,21.6,19.8,22.5,22.6,23.5,20.9,20.6,22,21.4,22.8,23.1,23.5,,,
190220,,,,,,,,,,,,,,,,,20.4,20.5,20.6,,,,,,,,23.3,,19.8,,19.4,20.4,19.7,,22.8,19.5,21,22.1,21.4,21.2,22.4,23.2,21.1,21.4,19.8,23,22.6,23.4,20.3,20.4,21.9,21.4,22.2,23.3,22.8,,,
190221,,,,,,,,,,,,,,,,,20.8,21.2,20.9,,,,,,,,22.5,,19.7,,19.2,20.2,19.8,,23,20,21,22,21.2,21.4,22,23.4,20.4,21.6,19,22.6,22.5,23.7,21.2,20.5,21.6,21.4,23,22.6,23.2,,,
190222,,,,,,,,,,,,,,,,,20.6,21.2,20.5,,,,,,,,22.6,,20.1,,19.2,19.9,19.4,,22.7,19.8,21.3,21.8,21.1,21.7,21.9,23.2,20.5,21.7,19.8,23.2,23.3,23.2,21.1,20.7,22.4,22.1,22.3,22.6,23.5,,,
190223,,,,,,,,,,,,,,,,,20,20.5,20.9,,,,,,,,22.9,,19.5,,19.7,20.4,19,,23.4,19.8,20.8,22.5,20.9,21.5,22.5,23.2,20.6,22.3,19.8,22.5,22.5,23.4,20.7,20.5,21.8,21.3,22.4,23.2,23.2,,,
190224,,,,,,,,,,,,,,,,,20.9,21.2,20.4,,,,,,,,22.5,,19.4,,19.5,20.3,19.1,,23.1,19.5,21.3,21.8,20.8,21.7,21.9,22.6,21.2,22.3,19.1,23,22.6,23.6,20.9,21,22.2,21.9,22.5,23.4,23.5,,,
190225,,,,,,,,,,,,,,,,,20,21.1,20.7,,,,,,,,22.6,,20.1,,19.9,20.5,19.5,,22.8,20.2,20.9,22.5,21.2,21.5,22.3,22.9,20.6,21.9,19.9,22.6,22.7,22.8,20.8,20.4,22.3,21.4,22.4,22.9,23,,,
190226,,,,,,,,,,,,,,,,,20.9,20.8,21,,,,,,,,22.6,,20.3,,19.2,20.1,19.6,,23.2,20.4,20.7,22.5,21.6,21.8,22.3,23.3,20.7,21.9,19.4,23,22.7,22.9,20.6,20.9,22.3,22,22.8,23.3,23.1,,,
190227,,,,,,,,,,,,,,,,,20.6,21.3,20.4,,,,,,,,22.7,,19.6,,19.8,20.5,19.6,,22.8,19.8,21.2,21.9,20.9,21.2,22,23.5,20.6,22.1,19.9,22.7,22.8,22.7,20.5,20.3,22.4,21.5,22.3,23,23.2,,,
190228,,,,,,,,,,,,,,,,,20.8,20.6,21,,,,,,,,22.5,,19.9,,19.5,20.8,19.4,,22.8,19.9,21,21.7,20.8,21.9,22.4,23.3,20.7,22.4,19.5,22.8,22.9,23.6,21.3,20.4,22.3,22,23,22.8,23,,,
190301,,,,,,,,,,,,,,,,,20.1,20.9,21.2,,,,,,,,22.5,,20.1,,19.1,20.5,19.1,,23.2,20.3,21.4,22.2,21.2,21.7,22.2,23.4,20.4,22.3,19.2,23,22.4,23.3,21,20.4,22.2,22,22.9,22.9,23.5,,,
190302,,,,,,,,,,,,,,,,,20.6,21,20.8,,,,,,,,22.6,,20.1,,20.1,20.7,19.3,,22.9,19.6,20.6,22.5,21,21.2,22.3,23.4,21.1,21.4,19.7,22.7,22.8,22.8,20.8,20.8,21.7,21.5,22.4,23,23.2,,,
190303,,,,,,,,,,,,,,,,,20.8,21,21.2,,,,,,,,22.7,,19.6,,19.3,20.8,19.7,,23.1,20.4,21.5,22.3,21.5,21.3,22.2,22.7,20.5,22.2,19.6,22.6,22.7,23.1,20.7,20.3,22.6,21.4,22.9,23.2,23.3,,,
190304,,,,,,,,,,,,,,,,,20.2,20.5,21.1,,,,,,,,22.5,,19.4,,19.7,20.8,19.2,,22.8,20,20.7,21.9,20.7,21.1,22.5,23.4,21.1,21.6,19.2,23.1,22.8,22.8,20.5,20.7,22,21.4,23,23.1,23.2,,,
190305,,,,,,,,,,,,,,,,,20.1,20.5,20.8,,,,,,,,22.4,,19.9,,19.9,20.4,19.7,,22.7,19.8,21.4,21.9,21,21.7,22.1,22.6,21.2,21.4,19.3,23.1,23.1,22.9,21.1,20.3,21.7,22.1,22.4,23,23.5,,,
190306,,,,,,,,,,,,,,,,,20,20.5,20.9,,,,,,,,23.2,,19.4,,19.4,20,19.3,,22.9,20,21.3,21.9,21.4,21.9,22.5,23,20.3,22.3,19,22.9,22.9,22.9,20.7,20.3,22.3,21.9,22.7,22.8,23.5,,,
190307,,,,,,,,,,,,,,,,,20.6,21,21,,,,,,,,22.5,,20.1,,20,20.7,19,,22.8,20.2,21.2,22.4,20.9,21.6,21.9,23.3,21.1,22.3,19.9,22.5,22.5,23.2,20.4,20.9,22.6,21.3,22.2,23.2,23.2,,,
190308,,,,,,,,,,,,,,,,,20,21,20.6,,,,,,,,23.1,,20.3,,20,19.9,19.6,,23.5,19.7,21.1,22.4,21.7,21.9,22.3,23.2,20.6,21.6,19.5,22.7,22.5,23.5,21.2,21,22.1,21.8,22.9,22.6,23.6,,,
190309,,,,,,,,,,,,,,,,,20.7,21.2,20.8,,,,,,,,23.3,,20.2,,19.4,20,19.6,,23.3,20,20.8,22,21.5,21.6,22,23.4,20.4,22.1,19.9,22.9,22.3,22.8,20.9,20.3,22.2,21.4,23.1,22.6,23.2,,,
190310,,,,,,,,,,,,,,,,,20.5,21.4,20.4,,,,,,,,22.7,,19.5,,19.9,20.8,19.7,,23,20.1,21.3,22.6,21,22,22,22.7,20.7,21.8,19.2,23.1,22.8,23.1,20.9,20.3,21.7,21.3,23.1,23.3,23.6,,,
190311,,,,,,,,,,,,,,,,,20,20.6,20.9,,,,,,,,22.4,,20.2,,19.5,20.1,19.8,,23.3,19.6,21.1,22.6,21.3,21.6,22.4,22.7,20.5,22,19.6,22.4,22.4,23.6,20.6,20.9,22.2,22,22.8,22.5,22.8,,,
190312,,,,,,,,,,,,,,,,,20.7,20.9,20.4,,,,,,,,23.3,,19.4,,19.3,20.8,19.6,,23,20.4,21.5,22.2,21.2,21.8,22.7,23.1,20.4,21.4,19.4,23.1,22.9,23.2,21,20.7,22.1,21.4,22.6,23.2,23.1,,,
190313,,,,,,,,,,,,,,,,,20.4,21.3,21,,,,,,,,23.1,,19.3,,19.9,20.5,19.2,,23.2,19.7,20.7,22.4,20.9,21.9,22.4,22.8,21.1,22.2,19.2,23.2,22.7,23.7,20.7,20.9,21.9,21.2,22.2,23.4,23.3,,,
190314,,,,,,,,,,,,,,,,,20.6,20.8,20.5,,,,,,,,22.6,,20,,20,20.5,19.6,,22.8,20.3,21.5,22.5,21.5,22,22,22.7,21.2,22.1,19.8,23.2,22.7,23.1,21,20.7,22.2,21.2,22.5,23.4,22.9,,,
190315,,,,,,,,,,,,,,,,,20.7,20.7,20.8,,,,,,,,22.9,,19.4,,20,20.2,19.7,,23.3,19.7,21.6,21.8,21.4,21.3,22.4,22.8,21.1,21.6,19.2,23.2,22.6,23.5,20.9,20.4,22.6,21.6,22.8,22.8,23.4,,,
190316,,,,,,,,,,,,,,,,,20.8,20.7,20.8,,,,,,,,22.4,,19.5,,,,19.2,,23.1,19.9,21,22.1,21.5,21.6,22.2,23.2,20.6,22.2,19.1,22.7,22.7,23.4,21.2,20.7,22.1,21.8,22.6,23.3,23.4,,,
190317,,,,,,,,,,,,,,,,,20.6,21.3,21,,,,,,,,23.2,,20,,,,19.8,,23.1,20.4,20.8,22.5,21.5,21.3,22.6,22.7,21.2,21.7,19.3,23.2,22.6,22.9,20.6,20.3,21.8,21.3,22.4,23.1,23.4,,,
190318,,,,,,,,,,,,,,,,,,,,,,,,,,,23.1,,19.6,,,,19,,23.4,20,21.1,22.3,20.8,21.1,22.4,22.7,21,21.5,19.2,22.8,23.2,22.8,20.3,20.5,22.2,21.2,23.1,23.5,23.5,,,
190319,,,,,,,,,,,,,,,,,,,,,,,,,,,22.5,,19.8,,,,19.9,,22.7,19.5,21,22.5,21.4,21.1,22.4,23.6,20.4,22.1,19.5,22.4,22.9,23.7,21,21,22.3,21.8,22.4,23.3,23.3,,,
190320,,,,,,,,,,,,,,,,,,,,,,,,,,,23.2,,19.8,,,,19.9,,23.3,19.7,20.8,21.7,21.5,21.3,22.7,23.1,21,21.6,19.5,23.3,23.1,22.9,21.1,20.5,22,21.6,22.2,22.8,23.5,,,
190321,,,,,,,,,,,,,,,,,,,,,,,,,,,22.4,,19.8,,,,19.4,,22.7,19.7,21.5,22.6,21.1,21.5,22.6,23.6,20.4,21.5,19.9,22.9,23.1,23.1,20.7,21,21.7,21.4,22.4,23.5,23,,,
190322,,,,,,,,,,,,,,,,,,,,,,,,,,,22.4,,19.8,,,,19.2,,23.2,19.7,21,22.4,20.9,21.2,22.4,23.3,20.4,21.7,19.9,22.6,23.1,22.9,20.6,21.1,22.6,21.8,23,23.2,22.9,,,
190323,,,,,,,,,,,,,,,,,,,,,,,,,,,23.1,,19.9,,,,19.2,,23,20.1,21.3,22.6,21.3,21.6,22,23.3,20.8,22.1,19.9,22.7,22.7,23.5,21.2,20.7,21.6,21.8,22.9,22.8,22.7,,,
190324,,,,,,,,,,,,,,,,,,,,,,,,,,,23.3,,19.7,,,,19.3,,23,20,21,22,21,21.7,22.7,22.9,21,21.8,19.5,22.6,22.3,23.5,20.8,20.8,22.3,22.1,22.3,23.1,23.4,,,
190325,,,,,,,,,,,,,,,,,,,,,,,,,,,22.9,,20.1,,,,19.7,,23.3,19.7,21.5,22.2,21.1,21.5,22.4,23.6,20.6,21.7,19.5,23.1,22.3,22.9,21.2,20.7,22.2,21.6,22.3,23.3,23.1,,,
190326,,,,,,,,,,,,,,,,,,,,,,,,,,,23.2,,19.6,,,,19.6,,23.3,20.4,21.3,22.1,21,21.9,22.5,23,21.3,22,19.9,22.3,23.2,23.6,21,20.9,22.5,21.3,22.2,23,22.8,22.5,19.6,19.9
190327,,,,,,,,,,,,,,,,,,,,,,,,,,,22.7,,20.2,,,,19.7,,23.4,19.5,21.5,22.5,21,21.1,22.6,22.7,20.9,21.7,19.5,23.1,23.2,23.2,20.4,20.8,22,22.2,23,22.6,23.4,23.3,19.7,19.7
190328,,,,,,,,,,,,,,,,,,,,,,,,,,,22.6,,19.7,,,,19.9,,23.2,20.1,21.5,21.7,20.7,21,22.2,22.7,21.3,22.3,19.6,22.9,22.6,23.2,20.7,20.3,22.1,21.3,22.7,23.5,23.7,22.5,19.2,19.4
190329,,,,,,,,,,,,,,,,,,,,,,,,,,,23,,19.5,,,,19.9,,23.1,19.6,20.8,22.1,21,21.7,22,23,20.6,21.5,19.1,23,23.1,23.4,20.6,21,22.4,21.3,22.5,23,23.1,22.7,19.5,19.6
190330,,,,,,,,,,,,,,,,,,,,,,,,,,,22.4,,20,,,,19.9,,22.8,19.8,21.3,21.9,21.4,21.2,22.1,23.2,21.2,22.3,19.3,23.2,23,22.8,21.1,20.3,22,21.7,22.9,22.6,22.9,22.4,19.9,19.5
190331,,,,,,,,,,,,,,,,,,,,,,,,,,,22.7,,19.4,,,,19.4,,22.8,19.8,20.7,22.3,21.2,21.5,22.8,22.6,20.8,22.3,19.7,22.4,23.1,23.3,20.8,20.8,21.7,22,22.8,22.6,22.7,23,19.4,19.6
190401,,,,,,,,,,,,,,,,,,,,,,,,,,,23.2,,19.4,,,,19.4,,23.5,,,,21.6,21.6,22,22.9,20.4,21.4,19.5,23,23.2,23.7,20.4,21.1,22.2,21.6,22.4,23.2,23,22.7,19.7,20.1
190402,,,,,,,,,,,,,,,,,,,,,,,,,,,22.8,,20.2,,,,19,,23.1,,,,20.8,21.3,22.2,23,20.4,21.4,19.1,22.7,22.6,23.3,20.7,20.6,22.2,22,22.8,22.8,23.1,22.8,19.6,19.2
190403,,,,,,,,,,,,,,,,,,,,,,,,,,,22.8,,19.9,,,,19.3,,23,,,,21.7,21.4,21.8,23.3,21.1,21.9,19.5,23.1,22.4,23.4,21.2,20.2,22.4,21.5,22.6,23.3,22.7,23.3,18.9,19.1
190404,,,,,,,,,,,,,,,,,,,,,,,,,,,22.7,,20,,,,19.9,,23.1,,,,20.9,22,22.5,23,20.4,22.1,19.6,22.5,22.9,23.4,20.7,20.2,22.6,21.6,22.4,23.1,22.7,22.5,19,19.4
190405,,,,,,,,,,,,,,,,,,,,,,,,,,,23.3,,19.4,,,,19.6,,23.2,,,,21.3,21.1,22.2,22.7,21.3,22.1,19.6,23,22.5,23.2,20.4,20.9,21.9,21.8,22.7,23.2,22.7,23.3,19.9,19.7
190406,,,,,,,,,,,,,,,,,,,,,,,,,,,22.8,,19.6,,,,19.2,,23.1,,,,21.1,21.9,21.9,23.2,20.8,21.9,19.6,22.3,22.4,23.2,20.9,20.1,21.6,22.2,23,23.2,23.3,22.8,19.1,19.5
190407,,,,,,,,,,,,,,,,,,,,,,,,,,,23.3,,19.6,,,,19.4,,23.4,,,,21.1,21.8,22.8,23.5,21.1,21.7,19.3,22.7,22.7,22.9,21.2,20.7,21.6,21.4,22.9,22.8,22.7,23.3,18.9,19.8
190408,,,,,,,,,,,,,,,,,,,,,,,,,,,22.4,,19.4,,,,19.3,,23,,,,21.5,21.1,22.5,22.9,20.7,21.9,19.1,23.2,23.2,23.3,21.1,20.5,22,21.3,23,23.1,23.5,22.7,18.9,19.5
190409,,,,,,,,,,,,,,,,,,,,,,,,,,,22.7,,19.8,,,,19.5,,22.8,,,,21.3,21.1,22.2,23.1,20.4,22.3,19.9,23.1,22.5,23.3,20.4,20.5,22.6,21.7,22.7,23.3,22.9,23.2,19.4,19.2
190410,,,,,,,,,,,,,,,,,,,,,,,,,,,22.7,,19.7,,,,19.1,,23.3,,,,21.2,21.7,21.9,23.4,21.1,22.2,19.5,22.7,22.7,23.5,21.1,20.5,21.6,22.2,22.5,23.2,22.9,22.4,19.1,19.5
190411,,,,,,,,,,,,,,,,,,,,,,,,,,,,,,,,,,,,,,,,,,,,,,,,,21.2,,,,,23.5,,,,
190412,,,,,,,,,,,,,,,,,,,,,,,,,,,,,,,,,,,,,,,,,,,,,,,,,,,,,,,,,,
190413,,,,,,,,,,,,,,,,,,,,,,,,,,,,,,,,,,,,,,,,,,,,,,,,,,,,,,,,,,
190414,,,,,,,,,,,,,,,,,,,,,,,,,,,,,,,,,,,,,,,,,,,,,,,,,,,,,,,,,,
190415,,,,,,,,,,,,,,,,,,,,,,,,,,,,,,,,,,,,,,,,,,,,,,,,,,,,,,,,,,
190416,,,,,,,,,,,,,,,,,,,,,,,,,,,,,,,,,,,,,,,,,,,,,,,,,,,,,,,,,,
190417,,,,,,,,,,,,,,,,,,,,,,,,,,,,,,,,,,,,,,,,,,,,,,,,,,,,,,,,,,
190418,,,,,,,,,,,,,,,,,,,,,,,,,,,,,,,,,,,,,,,,,,,,,,,,,,,,,,,,,,
190419,,,,,,,,,,,,,,,,,,,,,,,,,,,,,,,,,,,,,,,,,,,,,,,,,,,,,,,,,,
190420,,,,,,,,,,,,,,,,,,,,,,,,,,,,,,,,,,,,,,,,,,,,,,,,,,,,,,,,,,
190421,,,,,,,,,,,,,,,,,,,,,,,,,,,,,,,,,,,,,,,,,,,,,,,,,,,,,,,,,,
190422,,,,,,,,,,,,,,,,,,,,,,,,,,,,,,,,,,,,,,,,,,,,,,,,,,,,,,,,,,
190423,,,,,,,,,,,,,,,,,,,,,,,,,,,,,,,,,,,,,,,,,,,,,,,,,,,,,,,,,,
190424,,,,,,,,,,,,,,,,,,,,,,,,,,,,,,,,,,,,,,,,,,,,,,,,,,,,,,,,,,
190425,,,,,,,,,,,,,,,,,,,,,,,,,,,,,,,,,,,,,,,,,,,,,,,,,,,,,,,,,,
190426,,,,,,,,,,,,,,,,,,,,,,,,,,,,,,,,,,,,,,,,,,,,,,,,,,,,,,,,,,
190427,,,,,,,,,,,,,,,,,,,,,,,,,,,,,,,,,,,,,,,,,,,,,,,,,,,,,,,,,,
190428,,,,,,,,,,,,,,,,,,,,,,,,,,,,,,,,,,,,,,,,,,,,,,,,,,,,,,,,,,
190429,,,,,,,,,,,,,,,,,,,,,,,,,,,,,,,,,,,,,,,,,,,,,,,,,,,,,,,,,,
190430,,,,,,,,,,,,,,,,,,,,,,,,,,,,,,,,,,,,,,,,,,,,,,,,,,,,,,,,,,
